6.898000000000000000e+03
3.393000000000000000e+03
-9.580000000000000000e+02
-5.900000000000000000e+02
3.005000000000000000e+03
3.049000000000000000e+03
-2.523000000000000000e+03
-8.796000000000000000e+03
-9.931000000000000000e+03
-6.004000000000000000e+03
-1.688000000000000000e+03
-2.000000000000000000e+01
-2.133000000000000000e+03
-6.343000000000000000e+03
-8.034000000000000000e+03
-6.353000000000000000e+03
-3.890000000000000000e+03
-1.340000000000000000e+02
3.166000000000000000e+03
6.730000000000000000e+02
-4.770000000000000000e+03
-5.956000000000000000e+03
-2.640000000000000000e+03
2.053000000000000000e+03
3.449000000000000000e+03
1.593000000000000000e+03
9.180000000000000000e+02
-4.440000000000000000e+02
9.700000000000000000e+02
6.565000000000000000e+03
5.333000000000000000e+03
-1.942000000000000000e+03
-6.052000000000000000e+03
-6.851000000000000000e+03
-3.988000000000000000e+03
1.788000000000000000e+03
4.848000000000000000e+03
4.638000000000000000e+03
-1.776000000000000000e+03
-8.462000000000000000e+03
-2.147000000000000000e+03
4.109000000000000000e+03
3.991000000000000000e+03
5.994000000000000000e+03
4.186000000000000000e+03
2.286000000000000000e+03
2.539000000000000000e+03
1.874000000000000000e+03
4.752000000000000000e+03
2.901000000000000000e+03
-2.414000000000000000e+03
-4.000000000000000000e+01
3.027000000000000000e+03
4.863000000000000000e+03
8.617000000000000000e+03
5.299000000000000000e+03
-2.818000000000000000e+03
-5.301000000000000000e+03
-3.765000000000000000e+03
8.540000000000000000e+02
4.060000000000000000e+03
2.001000000000000000e+03
4.055000000000000000e+03
5.462000000000000000e+03
2.654000000000000000e+03
5.322000000000000000e+03
4.920000000000000000e+03
1.049000000000000000e+03
2.079000000000000000e+03
1.704000000000000000e+03
1.881000000000000000e+03
2.296000000000000000e+03
-3.210000000000000000e+02
-2.910000000000000000e+02
-2.838000000000000000e+03
-8.785000000000000000e+03
-7.913000000000000000e+03
-5.673000000000000000e+03
-6.515000000000000000e+03
-5.223000000000000000e+03
-6.382000000000000000e+03
-8.305000000000000000e+03
-6.196000000000000000e+03
-4.707000000000000000e+03
-2.206000000000000000e+03
-9.370000000000000000e+02
-3.262000000000000000e+03
-1.083000000000000000e+03
1.359000000000000000e+03
8.180000000000000000e+02
4.165000000000000000e+03
5.415000000000000000e+03
2.657000000000000000e+03
9.980000000000000000e+02
-2.206000000000000000e+03
-2.696000000000000000e+03
-1.798000000000000000e+03
-5.320000000000000000e+03
-6.203000000000000000e+03
-8.654000000000000000e+03
-1.261800000000000000e+04
-7.840000000000000000e+03
-4.273000000000000000e+03
-3.970000000000000000e+03
-3.782000000000000000e+03
-6.683000000000000000e+03
-2.103000000000000000e+03
3.625000000000000000e+03
4.118000000000000000e+03
7.736000000000000000e+03
7.689000000000000000e+03
7.568000000000000000e+03
1.157700000000000000e+04
1.197900000000000000e+04
1.426600000000000000e+04
1.551700000000000000e+04
8.566000000000000000e+03
6.588000000000000000e+03
8.334000000000000000e+03
5.190000000000000000e+03
6.858000000000000000e+03
6.342000000000000000e+03
3.200000000000000000e+03
4.955000000000000000e+03
-1.140000000000000000e+02
-2.850000000000000000e+02
3.940000000000000000e+03
-4.730000000000000000e+02
2.819000000000000000e+03
2.714000000000000000e+03
-4.640000000000000000e+02
8.344000000000000000e+03
7.471000000000000000e+03
5.211000000000000000e+03
7.942000000000000000e+03
1.791000000000000000e+03
2.001000000000000000e+03
4.611000000000000000e+03
4.382000000000000000e+03
1.072300000000000000e+04
9.347000000000000000e+03
5.018000000000000000e+03
6.910000000000000000e+03
7.350000000000000000e+02
-1.764000000000000000e+03
4.117000000000000000e+03
3.958000000000000000e+03
8.426000000000000000e+03
1.053800000000000000e+04
5.545000000000000000e+03
6.739000000000000000e+03
2.371000000000000000e+03
-1.869000000000000000e+03
-2.450000000000000000e+03
-6.965000000000000000e+03
-2.901000000000000000e+03
-2.014000000000000000e+03
-8.119000000000000000e+03
-5.768000000000000000e+03
-1.149700000000000000e+04
-2.136700000000000000e+04
-1.745200000000000000e+04
-1.337800000000000000e+04
-1.303100000000000000e+04
-1.918500000000000000e+04
-2.295600000000000000e+04
-1.711400000000000000e+04
-2.437600000000000000e+04
-2.890200000000000000e+04
-2.163900000000000000e+04
-2.556100000000000000e+04
-2.952200000000000000e+04
-2.527100000000000000e+04
-1.651400000000000000e+04
-1.292900000000000000e+04
-1.896600000000000000e+04
-1.304500000000000000e+04
-7.961000000000000000e+03
-1.462500000000000000e+04
-9.637000000000000000e+03
-8.130000000000000000e+02
1.547000000000000000e+03
2.395000000000000000e+03
4.618000000000000000e+03
1.041800000000000000e+04
6.098000000000000000e+03
1.373000000000000000e+03
1.204100000000000000e+04
1.570000000000000000e+04
1.262400000000000000e+04
1.614900000000000000e+04
1.823900000000000000e+04
1.734100000000000000e+04
1.267800000000000000e+04
1.027900000000000000e+04
1.356400000000000000e+04
1.156100000000000000e+04
1.415800000000000000e+04
2.020200000000000000e+04
1.307500000000000000e+04
9.595000000000000000e+03
1.703200000000000000e+04
2.404900000000000000e+04
2.215700000000000000e+04
1.394400000000000000e+04
1.870000000000000000e+04
2.219700000000000000e+04
1.476100000000000000e+04
1.399800000000000000e+04
1.226600000000000000e+04
1.173900000000000000e+04
1.186300000000000000e+04
4.213000000000000000e+03
4.178000000000000000e+03
5.346000000000000000e+03
6.295000000000000000e+03
8.421000000000000000e+03
-5.278000000000000000e+03
-1.152700000000000000e+04
-3.042000000000000000e+03
5.810000000000000000e+02
6.984000000000000000e+03
3.000000000000000000e+03
-1.519100000000000000e+04
-2.191100000000000000e+04
-1.587200000000000000e+04
-1.194000000000000000e+03
7.428000000000000000e+03
-2.030000000000000000e+02
-3.760000000000000000e+02
1.476000000000000000e+03
-2.111000000000000000e+03
1.252500000000000000e+04
2.279200000000000000e+04
1.005200000000000000e+04
-7.720000000000000000e+02
-3.188000000000000000e+03
3.161000000000000000e+03
4.384000000000000000e+03
-6.391000000000000000e+03
-1.223300000000000000e+04
-2.164200000000000000e+04
-3.193700000000000000e+04
-2.944700000000000000e+04
-2.733600000000000000e+04
-2.842200000000000000e+04
-2.953100000000000000e+04
-3.239300000000000000e+04
-2.707200000000000000e+04
-2.041400000000000000e+04
-2.020100000000000000e+04
-1.684300000000000000e+04
-1.404000000000000000e+04
-1.131900000000000000e+04
-6.530000000000000000e+03
-4.093000000000000000e+03
1.776000000000000000e+03
3.509000000000000000e+03
-1.181000000000000000e+03
2.096000000000000000e+03
5.713000000000000000e+03
4.050000000000000000e+03
4.438000000000000000e+03
6.151000000000000000e+03
9.447000000000000000e+03
9.735000000000000000e+03
8.064000000000000000e+03
1.206800000000000000e+04
1.284800000000000000e+04
9.949000000000000000e+03
1.196800000000000000e+04
1.514600000000000000e+04
1.513000000000000000e+04
1.362700000000000000e+04
1.369100000000000000e+04
1.430100000000000000e+04
1.371300000000000000e+04
1.035200000000000000e+04
1.072500000000000000e+04
1.314900000000000000e+04
1.178800000000000000e+04
1.615500000000000000e+04
1.748700000000000000e+04
9.387000000000000000e+03
2.777000000000000000e+03
2.275000000000000000e+03
8.504000000000000000e+03
1.165500000000000000e+04
7.894000000000000000e+03
6.218000000000000000e+03
4.906000000000000000e+03
3.265000000000000000e+03
6.831000000000000000e+03
6.021000000000000000e+03
9.090000000000000000e+02
2.015000000000000000e+03
2.291000000000000000e+03
2.040000000000000000e+02
-1.501000000000000000e+03
-1.396000000000000000e+03
3.535000000000000000e+03
-1.322000000000000000e+03
-1.061400000000000000e+04
-8.804000000000000000e+03
-1.206000000000000000e+04
-1.416900000000000000e+04
-8.436000000000000000e+03
-1.031500000000000000e+04
-1.013500000000000000e+04
-9.489000000000000000e+03
-1.107900000000000000e+04
-1.030000000000000000e+04
-1.576100000000000000e+04
-1.045400000000000000e+04
4.097000000000000000e+03
5.390000000000000000e+03
-1.153000000000000000e+03
-7.193000000000000000e+03
-2.442000000000000000e+03
1.193200000000000000e+04
1.655100000000000000e+04
1.036700000000000000e+04
3.418000000000000000e+03
-4.766000000000000000e+03
-6.753000000000000000e+03
-1.422000000000000000e+03
-2.948000000000000000e+03
-9.023000000000000000e+03
-1.826300000000000000e+04
-2.622600000000000000e+04
-2.699200000000000000e+04
-2.973400000000000000e+04
-2.720300000000000000e+04
-1.864600000000000000e+04
-1.692900000000000000e+04
-2.066300000000000000e+04
-2.279400000000000000e+04
-1.272900000000000000e+04
1.823000000000000000e+03
4.745000000000000000e+03
2.719000000000000000e+03
8.040000000000000000e+02
1.828000000000000000e+03
8.918000000000000000e+03
1.225900000000000000e+04
1.008700000000000000e+04
6.931000000000000000e+03
6.884000000000000000e+03
6.757000000000000000e+03
1.728000000000000000e+03
4.331000000000000000e+03
8.320000000000000000e+03
7.610000000000000000e+03
1.076200000000000000e+04
1.121800000000000000e+04
9.399000000000000000e+03
6.275000000000000000e+03
6.317000000000000000e+03
1.451700000000000000e+04
1.992400000000000000e+04
1.831300000000000000e+04
1.510400000000000000e+04
1.130200000000000000e+04
7.561000000000000000e+03
1.106800000000000000e+04
1.551800000000000000e+04
1.585600000000000000e+04
1.193700000000000000e+04
4.209000000000000000e+03
6.735000000000000000e+03
7.525000000000000000e+03
3.200000000000000000e+02
1.044000000000000000e+03
3.115000000000000000e+03
1.862000000000000000e+03
5.860000000000000000e+02
-1.567000000000000000e+03
-1.260000000000000000e+03
1.278000000000000000e+03
-1.015000000000000000e+03
-2.136000000000000000e+03
1.878000000000000000e+03
6.115000000000000000e+03
7.576000000000000000e+03
-3.160000000000000000e+02
-4.020000000000000000e+03
3.328000000000000000e+03
4.980000000000000000e+03
1.189000000000000000e+03
-1.790000000000000000e+03
-4.707000000000000000e+03
-2.287000000000000000e+03
-1.515000000000000000e+03
-5.783000000000000000e+03
-4.924000000000000000e+03
-5.069000000000000000e+03
-9.800000000000000000e+01
7.643000000000000000e+03
5.722000000000000000e+03
3.046000000000000000e+03
-3.013000000000000000e+03
-2.592000000000000000e+03
3.091000000000000000e+03
-4.488000000000000000e+03
-7.323000000000000000e+03
-4.474000000000000000e+03
-8.861000000000000000e+03
-1.511100000000000000e+04
-2.315400000000000000e+04
-2.349300000000000000e+04
-2.109100000000000000e+04
-2.761500000000000000e+04
-2.550000000000000000e+04
-1.877100000000000000e+04
-2.069800000000000000e+04
-1.963600000000000000e+04
-1.706700000000000000e+04
-1.245100000000000000e+04
-8.017000000000000000e+03
-1.327800000000000000e+04
-1.316800000000000000e+04
-7.871000000000000000e+03
-5.357000000000000000e+03
-3.270000000000000000e+03
-5.188000000000000000e+03
-7.789000000000000000e+03
-1.113100000000000000e+04
-1.151300000000000000e+04
-3.965000000000000000e+03
-1.365000000000000000e+03
-7.663000000000000000e+03
-6.164000000000000000e+03
4.580000000000000000e+03
9.108000000000000000e+03
1.164500000000000000e+04
1.656200000000000000e+04
1.393100000000000000e+04
8.681000000000000000e+03
9.044000000000000000e+03
2.000700000000000000e+04
3.128100000000000000e+04
2.429600000000000000e+04
1.307500000000000000e+04
7.094000000000000000e+03
5.866000000000000000e+03
1.464200000000000000e+04
1.725400000000000000e+04
1.280600000000000000e+04
1.592700000000000000e+04
1.652500000000000000e+04
1.703500000000000000e+04
1.808400000000000000e+04
1.074900000000000000e+04
9.819000000000000000e+03
1.725700000000000000e+04
1.962800000000000000e+04
9.717000000000000000e+03
1.141000000000000000e+03
8.064000000000000000e+03
2.003700000000000000e+04
2.142600000000000000e+04
2.003000000000000000e+03
-5.909000000000000000e+03
1.166900000000000000e+04
1.078400000000000000e+04
3.521000000000000000e+03
7.275000000000000000e+03
1.013100000000000000e+04
7.586000000000000000e+03
-9.249000000000000000e+03
-7.377000000000000000e+03
8.495000000000000000e+03
-3.170000000000000000e+03
-1.506400000000000000e+04
-9.416000000000000000e+03
-8.537000000000000000e+03
-8.282000000000000000e+03
-9.767000000000000000e+03
-1.391300000000000000e+04
-1.301500000000000000e+04
-1.576900000000000000e+04
-7.068000000000000000e+03
6.599000000000000000e+03
-5.953000000000000000e+03
-1.519100000000000000e+04
-3.800000000000000000e+03
1.537000000000000000e+03
5.203000000000000000e+03
-6.979000000000000000e+03
-2.196700000000000000e+04
-7.669000000000000000e+03
-9.719000000000000000e+03
-1.902400000000000000e+04
-6.644000000000000000e+03
-5.770000000000000000e+03
-1.194300000000000000e+04
-1.910200000000000000e+04
-2.446000000000000000e+04
-8.145000000000000000e+03
2.661000000000000000e+03
-9.080000000000000000e+02
-5.508000000000000000e+03
-1.729900000000000000e+04
-1.090300000000000000e+04
5.997000000000000000e+03
2.497000000000000000e+03
-5.580000000000000000e+02
3.313000000000000000e+03
-2.000000000000000000e+00
-8.436000000000000000e+03
-2.323600000000000000e+04
-2.586400000000000000e+04
-3.954000000000000000e+03
1.304300000000000000e+04
7.942000000000000000e+03
-1.175300000000000000e+04
-1.868300000000000000e+04
-7.423000000000000000e+03
-9.970000000000000000e+02
8.234000000000000000e+03
1.527800000000000000e+04
1.186700000000000000e+04
8.762000000000000000e+03
1.238000000000000000e+03
-1.879000000000000000e+03
4.811000000000000000e+03
8.827000000000000000e+03
1.112700000000000000e+04
4.590000000000000000e+03
-1.406700000000000000e+04
-1.191600000000000000e+04
9.995000000000000000e+03
1.577100000000000000e+04
2.376000000000000000e+03
-6.833000000000000000e+03
6.480000000000000000e+03
1.466700000000000000e+04
2.539000000000000000e+03
4.042000000000000000e+03
1.965100000000000000e+04
2.055800000000000000e+04
1.063400000000000000e+04
1.014500000000000000e+04
1.442900000000000000e+04
1.022000000000000000e+04
7.916000000000000000e+03
1.158600000000000000e+04
7.970000000000000000e+03
4.370000000000000000e+02
-4.263000000000000000e+03
-1.350000000000000000e+03
2.642000000000000000e+03
4.902000000000000000e+03
7.565000000000000000e+03
5.420000000000000000e+02
-2.002000000000000000e+03
7.132000000000000000e+03
1.304300000000000000e+04
1.126600000000000000e+04
3.627000000000000000e+03
-4.216000000000000000e+03
-3.998000000000000000e+03
-1.842000000000000000e+03
1.225000000000000000e+03
9.569000000000000000e+03
6.513000000000000000e+03
-5.083000000000000000e+03
-1.307100000000000000e+04
-1.274500000000000000e+04
-1.566000000000000000e+03
-1.469000000000000000e+03
-7.172000000000000000e+03
-5.890000000000000000e+03
-1.385100000000000000e+04
-1.794900000000000000e+04
-9.178000000000000000e+03
-1.483000000000000000e+03
-5.379000000000000000e+03
-1.688800000000000000e+04
-1.437900000000000000e+04
-5.226000000000000000e+03
-2.873000000000000000e+03
-1.295000000000000000e+03
-3.635000000000000000e+03
-9.522000000000000000e+03
-1.309200000000000000e+04
-1.319500000000000000e+04
-9.245000000000000000e+03
-9.760000000000000000e+03
-1.376600000000000000e+04
-8.461000000000000000e+03
9.700000000000000000e+02
-1.268000000000000000e+03
-9.343000000000000000e+03
-8.155000000000000000e+03
-3.318000000000000000e+03
4.055000000000000000e+03
8.363000000000000000e+03
7.450000000000000000e+03
6.509000000000000000e+03
-3.133000000000000000e+03
-4.864000000000000000e+03
5.704000000000000000e+03
5.094000000000000000e+03
-6.330000000000000000e+02
-2.018000000000000000e+03
-3.366000000000000000e+03
-3.776000000000000000e+03
-8.442000000000000000e+03
-1.038200000000000000e+04
2.030000000000000000e+02
4.634000000000000000e+03
2.524000000000000000e+03
4.605000000000000000e+03
-3.329000000000000000e+03
-8.712000000000000000e+03
3.110000000000000000e+03
9.841000000000000000e+03
6.590000000000000000e+02
-1.121200000000000000e+04
-2.074000000000000000e+03
1.758300000000000000e+04
1.071700000000000000e+04
-8.057000000000000000e+03
-2.880000000000000000e+02
1.440200000000000000e+04
9.851000000000000000e+03
5.197000000000000000e+03
4.829000000000000000e+03
9.525000000000000000e+03
1.541900000000000000e+04
8.492000000000000000e+03
2.360000000000000000e+03
-8.610000000000000000e+02
-3.350000000000000000e+03
5.935000000000000000e+03
1.532100000000000000e+04
1.116200000000000000e+04
2.626000000000000000e+03
-1.395000000000000000e+03
5.222000000000000000e+03
1.329700000000000000e+04
6.560000000000000000e+03
7.428000000000000000e+03
1.509000000000000000e+04
1.186400000000000000e+04
9.319000000000000000e+03
1.410000000000000000e+03
4.729000000000000000e+03
1.758900000000000000e+04
5.745000000000000000e+03
-7.939000000000000000e+03
-9.475000000000000000e+03
-7.288000000000000000e+03
1.572000000000000000e+03
1.934000000000000000e+03
-1.698000000000000000e+03
-4.271000000000000000e+03
-1.368300000000000000e+04
-8.304000000000000000e+03
-1.201000000000000000e+03
-4.724000000000000000e+03
-8.670000000000000000e+02
-3.684000000000000000e+03
-9.692000000000000000e+03
-1.235000000000000000e+04
-9.951000000000000000e+03
2.693000000000000000e+03
5.042000000000000000e+03
-2.897000000000000000e+03
-6.979000000000000000e+03
-8.182000000000000000e+03
-3.960000000000000000e+03
2.294000000000000000e+03
2.310000000000000000e+02
4.738000000000000000e+03
6.618000000000000000e+03
-8.979000000000000000e+03
-1.284900000000000000e+04
-1.422200000000000000e+04
-1.228200000000000000e+04
2.425000000000000000e+03
-1.930000000000000000e+02
-1.014600000000000000e+04
-1.623600000000000000e+04
-1.431100000000000000e+04
-4.389000000000000000e+03
-9.708000000000000000e+03
-1.345500000000000000e+04
-3.853000000000000000e+03
-7.515000000000000000e+03
-1.177000000000000000e+04
-5.533000000000000000e+03
-9.230000000000000000e+03
-2.780000000000000000e+03
9.453000000000000000e+03
4.780000000000000000e+03
-4.315000000000000000e+03
-6.704000000000000000e+03
6.624000000000000000e+03
1.486000000000000000e+04
7.261000000000000000e+03
3.310000000000000000e+02
4.692000000000000000e+03
1.216400000000000000e+04
5.516000000000000000e+03
-4.481000000000000000e+03
-3.059000000000000000e+03
4.313000000000000000e+03
1.034000000000000000e+03
-6.084000000000000000e+03
-8.324000000000000000e+03
-6.822000000000000000e+03
-4.500000000000000000e+01
4.265000000000000000e+03
1.468000000000000000e+03
-3.193000000000000000e+03
-1.700000000000000000e+01
6.476000000000000000e+03
9.118000000000000000e+03
3.382000000000000000e+03
4.638000000000000000e+03
1.545000000000000000e+04
1.391200000000000000e+04
2.350000000000000000e+03
-2.768000000000000000e+03
1.114800000000000000e+04
1.990100000000000000e+04
8.833000000000000000e+03
-5.209000000000000000e+03
-1.640000000000000000e+03
1.388200000000000000e+04
9.451000000000000000e+03
2.210000000000000000e+02
2.051000000000000000e+03
5.601000000000000000e+03
6.670000000000000000e+03
2.175000000000000000e+03
2.610000000000000000e+03
5.165000000000000000e+03
2.808000000000000000e+03
7.044000000000000000e+03
1.074700000000000000e+04
5.257000000000000000e+03
-1.369000000000000000e+03
-3.966000000000000000e+03
1.876000000000000000e+03
2.417000000000000000e+03
-5.594000000000000000e+03
-2.929000000000000000e+03
2.904000000000000000e+03
4.797000000000000000e+03
4.467000000000000000e+03
-2.467000000000000000e+03
-1.986000000000000000e+03
2.432000000000000000e+03
1.669000000000000000e+03
5.756000000000000000e+03
3.295000000000000000e+03
-4.744000000000000000e+03
-2.770000000000000000e+03
-2.132000000000000000e+03
-7.736000000000000000e+03
-1.434300000000000000e+04
-1.685500000000000000e+04
-6.249000000000000000e+03
6.900000000000000000e+02
-7.054000000000000000e+03
-1.189200000000000000e+04
-5.688000000000000000e+03
6.390000000000000000e+02
-4.001000000000000000e+03
-1.026400000000000000e+04
-7.510000000000000000e+03
-1.258000000000000000e+03
-2.773000000000000000e+03
-7.970000000000000000e+03
-8.242000000000000000e+03
-1.117000000000000000e+04
-1.219400000000000000e+04
-3.275000000000000000e+03
2.190000000000000000e+03
-4.771000000000000000e+03
-1.145500000000000000e+04
-8.739000000000000000e+03
-2.900000000000000000e+02
4.436000000000000000e+03
-2.800000000000000000e+03
-5.863000000000000000e+03
2.406000000000000000e+03
1.792000000000000000e+03
-6.184000000000000000e+03
-7.045000000000000000e+03
-3.140000000000000000e+03
7.660000000000000000e+02
1.950000000000000000e+02
-1.499000000000000000e+03
2.575000000000000000e+03
1.782000000000000000e+03
1.021000000000000000e+03
9.944000000000000000e+03
8.066000000000000000e+03
3.320000000000000000e+02
4.294000000000000000e+03
6.635000000000000000e+03
5.809000000000000000e+03
-1.250000000000000000e+02
-6.185000000000000000e+03
3.110000000000000000e+03
7.508000000000000000e+03
2.400000000000000000e+02
-1.185000000000000000e+03
2.822000000000000000e+03
6.804000000000000000e+03
5.256000000000000000e+03
7.430000000000000000e+02
5.342000000000000000e+03
9.162000000000000000e+03
5.575000000000000000e+03
1.344000000000000000e+03
-4.594000000000000000e+03
-1.868000000000000000e+03
4.658000000000000000e+03
2.739000000000000000e+03
-3.760000000000000000e+02
-1.737000000000000000e+03
-6.070000000000000000e+02
5.484000000000000000e+03
1.020400000000000000e+04
4.689000000000000000e+03
4.580000000000000000e+02
7.375000000000000000e+03
1.026700000000000000e+04
3.502000000000000000e+03
9.860000000000000000e+02
5.354000000000000000e+03
6.101000000000000000e+03
1.350000000000000000e+02
-4.591000000000000000e+03
-1.820000000000000000e+03
-1.369000000000000000e+03
-4.406000000000000000e+03
-4.534000000000000000e+03
-8.412000000000000000e+03
-8.542000000000000000e+03
-4.722000000000000000e+03
-6.520000000000000000e+03
-3.563000000000000000e+03
-2.483000000000000000e+03
-8.459000000000000000e+03
-2.779000000000000000e+03
5.160000000000000000e+03
4.024000000000000000e+03
7.817000000000000000e+03
1.083600000000000000e+04
7.876000000000000000e+03
3.430000000000000000e+03
1.330000000000000000e+02
5.136000000000000000e+03
2.174000000000000000e+03
-7.683000000000000000e+03
-6.436000000000000000e+03
-6.496000000000000000e+03
-9.508000000000000000e+03
-1.039700000000000000e+04
-9.809000000000000000e+03
-4.643000000000000000e+03
-5.827000000000000000e+03
-1.018900000000000000e+04
-6.852000000000000000e+03
-4.038000000000000000e+03
-4.260000000000000000e+02
1.248000000000000000e+03
5.520000000000000000e+02
4.845000000000000000e+03
4.514000000000000000e+03
9.273000000000000000e+03
1.714400000000000000e+04
1.293900000000000000e+04
1.192800000000000000e+04
9.281000000000000000e+03
3.021000000000000000e+03
4.941000000000000000e+03
2.045000000000000000e+03
-4.610000000000000000e+03
-7.402000000000000000e+03
-9.888000000000000000e+03
-9.175000000000000000e+03
-8.187000000000000000e+03
-6.863000000000000000e+03
-2.356000000000000000e+03
-9.990000000000000000e+02
-1.221000000000000000e+03
-3.800000000000000000e+02
-1.600000000000000000e+02
6.640000000000000000e+02
2.896000000000000000e+03
3.026000000000000000e+03
-2.499000000000000000e+03
8.370000000000000000e+02
1.173500000000000000e+04
1.300800000000000000e+04
1.467100000000000000e+04
1.737800000000000000e+04
1.713900000000000000e+04
1.594800000000000000e+04
8.478000000000000000e+03
5.183000000000000000e+03
4.950000000000000000e+03
-1.196000000000000000e+03
-5.138000000000000000e+03
-5.129000000000000000e+03
-5.358000000000000000e+03
-3.292000000000000000e+03
-2.714000000000000000e+03
-5.922000000000000000e+03
-3.775000000000000000e+03
-9.320000000000000000e+02
1.776000000000000000e+03
6.477000000000000000e+03
5.586000000000000000e+03
4.007000000000000000e+03
4.537000000000000000e+03
4.265000000000000000e+03
4.032000000000000000e+03
5.234000000000000000e+03
7.625000000000000000e+03
9.149000000000000000e+03
3.611000000000000000e+03
-2.495000000000000000e+03
-1.133000000000000000e+03
-4.133000000000000000e+03
-1.012600000000000000e+04
-1.584800000000000000e+04
-2.088000000000000000e+04
-1.896900000000000000e+04
-1.465400000000000000e+04
-1.129200000000000000e+04
-8.654000000000000000e+03
-5.571000000000000000e+03
-1.797000000000000000e+03
2.213000000000000000e+03
4.618000000000000000e+03
5.501000000000000000e+03
9.373000000000000000e+03
1.260500000000000000e+04
1.325500000000000000e+04
1.333400000000000000e+04
1.191800000000000000e+04
1.419900000000000000e+04
1.744000000000000000e+04
1.238400000000000000e+04
6.127000000000000000e+03
5.358000000000000000e+03
6.672000000000000000e+03
8.668000000000000000e+03
6.036000000000000000e+03
-7.120000000000000000e+02
-2.495000000000000000e+03
-4.274000000000000000e+03
-8.231000000000000000e+03
-8.098000000000000000e+03
-7.778000000000000000e+03
-8.999000000000000000e+03
-6.549000000000000000e+03
-2.706000000000000000e+03
-3.026000000000000000e+03
-1.104000000000000000e+03
1.863000000000000000e+03
2.116000000000000000e+03
1.328000000000000000e+03
-2.246000000000000000e+03
-1.692000000000000000e+03
-4.423000000000000000e+03
-1.185200000000000000e+04
-1.080400000000000000e+04
-9.937000000000000000e+03
-1.412000000000000000e+04
-1.688200000000000000e+04
-1.740700000000000000e+04
-1.376900000000000000e+04
-5.000000000000000000e+03
2.165000000000000000e+03
5.368000000000000000e+03
5.730000000000000000e+03
6.030000000000000000e+03
4.771000000000000000e+03
-3.955000000000000000e+03
-1.160400000000000000e+04
-1.545000000000000000e+04
-1.760500000000000000e+04
-1.997600000000000000e+04
-2.447900000000000000e+04
-2.534000000000000000e+04
-2.205500000000000000e+04
-1.725700000000000000e+04
-1.762700000000000000e+04
-1.915100000000000000e+04
-1.507600000000000000e+04
-9.245000000000000000e+03
-5.202000000000000000e+03
-5.941000000000000000e+03
-8.396000000000000000e+03
-8.324000000000000000e+03
-3.641000000000000000e+03
1.312000000000000000e+03
1.640000000000000000e+03
-7.600000000000000000e+01
2.946000000000000000e+03
9.088000000000000000e+03
9.088000000000000000e+03
4.552000000000000000e+03
2.964000000000000000e+03
7.618000000000000000e+03
1.110200000000000000e+04
9.618000000000000000e+03
8.821000000000000000e+03
1.369700000000000000e+04
2.195800000000000000e+04
2.437100000000000000e+04
2.394100000000000000e+04
2.558300000000000000e+04
2.722200000000000000e+04
2.952900000000000000e+04
2.943600000000000000e+04
2.604900000000000000e+04
2.563600000000000000e+04
2.671500000000000000e+04
2.502600000000000000e+04
2.292200000000000000e+04
2.203400000000000000e+04
2.239000000000000000e+04
2.287300000000000000e+04
2.187400000000000000e+04
2.236900000000000000e+04
2.701500000000000000e+04
2.999900000000000000e+04
2.928000000000000000e+04
2.822300000000000000e+04
2.702500000000000000e+04
2.701800000000000000e+04
2.396700000000000000e+04
1.755900000000000000e+04
1.577800000000000000e+04
1.398700000000000000e+04
9.655000000000000000e+03
6.591000000000000000e+03
4.869000000000000000e+03
6.280000000000000000e+03
4.758000000000000000e+03
-1.032000000000000000e+03
-3.365000000000000000e+03
-1.576000000000000000e+03
1.084000000000000000e+03
2.045000000000000000e+03
5.950000000000000000e+02
3.110000000000000000e+02
2.859000000000000000e+03
2.635000000000000000e+03
-3.110000000000000000e+02
-1.593000000000000000e+03
-7.680000000000000000e+02
-1.460000000000000000e+02
-2.854000000000000000e+03
-7.966000000000000000e+03
-1.194500000000000000e+04
-1.537700000000000000e+04
-1.907700000000000000e+04
-2.100700000000000000e+04
-2.566000000000000000e+04
-2.822700000000000000e+04
-2.542000000000000000e+04
-2.800700000000000000e+04
-2.918300000000000000e+04
-2.600400000000000000e+04
-2.590200000000000000e+04
-2.668400000000000000e+04
-2.870100000000000000e+04
-2.702700000000000000e+04
-2.169400000000000000e+04
-1.969300000000000000e+04
-1.748400000000000000e+04
-1.685300000000000000e+04
-1.915100000000000000e+04
-1.863600000000000000e+04
-2.005200000000000000e+04
-2.153700000000000000e+04
-1.681900000000000000e+04
-1.556600000000000000e+04
-1.724600000000000000e+04
-1.731500000000000000e+04
-1.783000000000000000e+04
-1.736900000000000000e+04
-2.008600000000000000e+04
-2.284700000000000000e+04
-2.157400000000000000e+04
-2.082700000000000000e+04
-1.965700000000000000e+04
-1.843200000000000000e+04
-2.043900000000000000e+04
-2.139800000000000000e+04
-1.949700000000000000e+04
-1.846500000000000000e+04
-1.708300000000000000e+04
-1.501000000000000000e+04
-1.161400000000000000e+04
-5.089000000000000000e+03
2.680000000000000000e+02
2.949000000000000000e+03
7.254000000000000000e+03
1.074100000000000000e+04
7.163000000000000000e+03
3.248000000000000000e+03
6.576000000000000000e+03
1.063500000000000000e+04
1.088300000000000000e+04
7.949000000000000000e+03
5.820000000000000000e+03
8.721000000000000000e+03
1.125800000000000000e+04
1.229800000000000000e+04
1.438500000000000000e+04
1.460000000000000000e+04
1.543500000000000000e+04
1.735100000000000000e+04
1.774200000000000000e+04
1.579000000000000000e+04
1.140200000000000000e+04
1.025300000000000000e+04
9.304000000000000000e+03
7.737000000000000000e+03
1.021900000000000000e+04
1.149200000000000000e+04
1.370200000000000000e+04
1.824200000000000000e+04
2.074000000000000000e+04
2.348400000000000000e+04
2.638800000000000000e+04
2.592900000000000000e+04
2.300500000000000000e+04
2.268600000000000000e+04
2.608300000000000000e+04
2.610700000000000000e+04
2.224000000000000000e+04
2.023100000000000000e+04
1.763900000000000000e+04
1.525000000000000000e+04
1.578100000000000000e+04
1.269600000000000000e+04
7.867000000000000000e+03
1.010500000000000000e+04
1.273900000000000000e+04
1.320900000000000000e+04
1.410900000000000000e+04
1.033700000000000000e+04
8.604000000000000000e+03
1.146500000000000000e+04
1.330200000000000000e+04
1.545300000000000000e+04
1.715500000000000000e+04
1.833100000000000000e+04
1.845700000000000000e+04
1.486600000000000000e+04
1.245600000000000000e+04
1.064600000000000000e+04
6.371000000000000000e+03
6.407000000000000000e+03
8.255000000000000000e+03
7.063000000000000000e+03
4.114000000000000000e+03
-4.550000000000000000e+02
-4.859000000000000000e+03
-6.520000000000000000e+03
-6.332000000000000000e+03
-8.945000000000000000e+03
-1.174400000000000000e+04
-1.254400000000000000e+04
-1.445600000000000000e+04
-1.289100000000000000e+04
-9.182000000000000000e+03
-1.227200000000000000e+04
-1.588500000000000000e+04
-1.255200000000000000e+04
-8.424000000000000000e+03
-4.887000000000000000e+03
7.180000000000000000e+02
4.556000000000000000e+03
3.474000000000000000e+03
8.800000000000000000e+02
-1.329000000000000000e+03
-5.262000000000000000e+03
-6.711000000000000000e+03
-5.578000000000000000e+03
-9.613000000000000000e+03
-1.549600000000000000e+04
-1.819600000000000000e+04
-2.048600000000000000e+04
-2.040000000000000000e+04
-1.709300000000000000e+04
-1.570100000000000000e+04
-1.605000000000000000e+04
-1.563700000000000000e+04
-1.375300000000000000e+04
-1.050800000000000000e+04
-8.071000000000000000e+03
-6.339000000000000000e+03
-6.960000000000000000e+03
-9.178000000000000000e+03
-5.952000000000000000e+03
-1.017000000000000000e+03
9.820000000000000000e+02
3.521000000000000000e+03
1.687000000000000000e+03
-4.309000000000000000e+03
-6.851000000000000000e+03
-6.395000000000000000e+03
-4.508000000000000000e+03
-5.585000000000000000e+03
-9.850000000000000000e+03
-1.396000000000000000e+04
-1.879400000000000000e+04
-1.837900000000000000e+04
-1.616500000000000000e+04
-1.881600000000000000e+04
-2.263200000000000000e+04
-2.701500000000000000e+04
-2.718400000000000000e+04
-2.184000000000000000e+04
-1.794700000000000000e+04
-1.858000000000000000e+04
-1.990600000000000000e+04
-1.737000000000000000e+04
-1.011000000000000000e+04
-1.289000000000000000e+03
5.129000000000000000e+03
8.225000000000000000e+03
7.473000000000000000e+03
7.619000000000000000e+03
7.937000000000000000e+03
5.481000000000000000e+03
5.713000000000000000e+03
5.761000000000000000e+03
5.090000000000000000e+02
-1.862000000000000000e+03
-3.316000000000000000e+03
-7.344000000000000000e+03
-2.377000000000000000e+03
2.454000000000000000e+03
1.853000000000000000e+03
1.004000000000000000e+03
-2.691000000000000000e+03
-1.265000000000000000e+03
1.198000000000000000e+03
-5.120000000000000000e+02
-8.550000000000000000e+02
-3.617000000000000000e+03
-2.837000000000000000e+03
7.052000000000000000e+03
1.228500000000000000e+04
1.185400000000000000e+04
1.201600000000000000e+04
8.016000000000000000e+03
7.038000000000000000e+03
1.477700000000000000e+04
1.560900000000000000e+04
8.414000000000000000e+03
3.918000000000000000e+03
-3.720000000000000000e+02
1.510000000000000000e+02
5.794000000000000000e+03
7.412000000000000000e+03
4.717000000000000000e+03
5.590000000000000000e+02
1.783000000000000000e+03
6.391000000000000000e+03
4.058000000000000000e+03
7.710000000000000000e+02
-1.291000000000000000e+03
-4.208000000000000000e+03
-2.940000000000000000e+02
4.641000000000000000e+03
6.465000000000000000e+03
1.135300000000000000e+04
1.552700000000000000e+04
1.375300000000000000e+04
1.162900000000000000e+04
1.277600000000000000e+04
1.369100000000000000e+04
1.333000000000000000e+04
9.279000000000000000e+03
1.280000000000000000e+03
-2.307000000000000000e+03
1.858000000000000000e+03
4.528000000000000000e+03
4.325000000000000000e+03
4.922000000000000000e+03
5.601000000000000000e+03
1.026900000000000000e+04
1.614800000000000000e+04
1.608100000000000000e+04
1.357900000000000000e+04
1.162000000000000000e+04
9.453000000000000000e+03
1.109600000000000000e+04
1.424700000000000000e+04
1.618500000000000000e+04
1.391500000000000000e+04
7.042000000000000000e+03
5.319000000000000000e+03
5.163000000000000000e+03
3.954000000000000000e+03
5.031000000000000000e+03
1.130000000000000000e+02
-5.855000000000000000e+03
-4.993000000000000000e+03
-8.023000000000000000e+03
-8.800000000000000000e+03
-5.445000000000000000e+03
-1.100700000000000000e+04
-1.420200000000000000e+04
-1.410800000000000000e+04
-1.311200000000000000e+04
-6.295000000000000000e+03
-8.477000000000000000e+03
-1.501800000000000000e+04
-1.595700000000000000e+04
-1.814200000000000000e+04
-1.038600000000000000e+04
2.045000000000000000e+03
4.127000000000000000e+03
5.881000000000000000e+03
3.968000000000000000e+03
9.560000000000000000e+02
6.476000000000000000e+03
8.664000000000000000e+03
6.451000000000000000e+03
5.598000000000000000e+03
3.121000000000000000e+03
1.452000000000000000e+03
4.690000000000000000e+02
-7.200000000000000000e+02
-2.110000000000000000e+02
-2.097000000000000000e+03
-4.190000000000000000e+03
-3.511000000000000000e+03
-1.944000000000000000e+03
3.610000000000000000e+02
3.251000000000000000e+03
3.350000000000000000e+03
2.500000000000000000e+01
-1.509000000000000000e+03
-2.176000000000000000e+03
1.339000000000000000e+03
9.915000000000000000e+03
1.271100000000000000e+04
1.167300000000000000e+04
9.248000000000000000e+03
2.303000000000000000e+03
3.387000000000000000e+03
8.838000000000000000e+03
7.291000000000000000e+03
6.972000000000000000e+03
3.489000000000000000e+03
-8.090000000000000000e+02
7.580000000000000000e+02
-2.618000000000000000e+03
-5.325000000000000000e+03
-5.359000000000000000e+03
-1.051800000000000000e+04
-1.315600000000000000e+04
-1.447200000000000000e+04
-1.653000000000000000e+04
-1.862500000000000000e+04
-2.404100000000000000e+04
-2.710800000000000000e+04
-2.669300000000000000e+04
-2.251900000000000000e+04
-1.278000000000000000e+04
-4.931000000000000000e+03
-2.150000000000000000e+03
-5.270000000000000000e+02
-1.790000000000000000e+03
-1.948000000000000000e+03
1.437000000000000000e+03
1.798000000000000000e+03
-7.380000000000000000e+02
-5.161000000000000000e+03
-1.104700000000000000e+04
-1.278000000000000000e+04
-7.640000000000000000e+03
-4.082000000000000000e+03
-3.823000000000000000e+03
-3.171000000000000000e+03
-2.203000000000000000e+03
1.249000000000000000e+03
3.879000000000000000e+03
9.540000000000000000e+02
-4.121000000000000000e+03
-7.023000000000000000e+03
-8.565000000000000000e+03
-4.632000000000000000e+03
1.882000000000000000e+03
3.936000000000000000e+03
2.988000000000000000e+03
-1.218000000000000000e+03
-4.872000000000000000e+03
-3.239000000000000000e+03
2.327000000000000000e+03
4.702000000000000000e+03
9.400000000000000000e+01
-4.525000000000000000e+03
-5.577000000000000000e+03
-2.705000000000000000e+03
2.614000000000000000e+03
1.157000000000000000e+03
-4.483000000000000000e+03
-3.543000000000000000e+03
1.600000000000000000e+01
2.835000000000000000e+03
3.756000000000000000e+03
-3.000000000000000000e+01
-4.807000000000000000e+03
-7.437000000000000000e+03
-2.230000000000000000e+03
5.363000000000000000e+03
7.656000000000000000e+03
9.460000000000000000e+03
6.941000000000000000e+03
3.865000000000000000e+03
7.576000000000000000e+03
7.000000000000000000e+03
3.237000000000000000e+03
2.763000000000000000e+03
-2.053000000000000000e+03
-6.089000000000000000e+03
-4.395000000000000000e+03
-3.965000000000000000e+03
-4.478000000000000000e+03
-4.363000000000000000e+03
-5.550000000000000000e+03
-6.889000000000000000e+03
-6.059000000000000000e+03
-5.320000000000000000e+02
6.164000000000000000e+03
6.394000000000000000e+03
6.442000000000000000e+03
8.806000000000000000e+03
1.158800000000000000e+04
2.247500000000000000e+04
2.934000000000000000e+04
2.491700000000000000e+04
2.315300000000000000e+04
1.973000000000000000e+04
1.598400000000000000e+04
1.705600000000000000e+04
1.199100000000000000e+04
4.249000000000000000e+03
-3.110000000000000000e+02
-3.753000000000000000e+03
-4.225000000000000000e+03
-2.715000000000000000e+03
-6.050000000000000000e+02
1.445000000000000000e+03
-1.740000000000000000e+02
-1.358000000000000000e+03
-6.600000000000000000e+01
-6.300000000000000000e+01
-2.910000000000000000e+02
-4.240000000000000000e+03
-1.020800000000000000e+04
-9.835000000000000000e+03
-6.281000000000000000e+03
-4.008000000000000000e+03
1.318000000000000000e+03
4.749000000000000000e+03
7.020000000000000000e+03
1.441300000000000000e+04
1.597000000000000000e+04
1.289600000000000000e+04
1.375500000000000000e+04
1.268300000000000000e+04
7.460000000000000000e+03
1.468000000000000000e+03
-6.279000000000000000e+03
-1.253800000000000000e+04
-1.241100000000000000e+04
-1.052300000000000000e+04
-1.224000000000000000e+04
-1.706800000000000000e+04
-1.921500000000000000e+04
-1.412000000000000000e+04
-8.860000000000000000e+03
-7.879000000000000000e+03
-9.702000000000000000e+03
-1.506400000000000000e+04
-1.319500000000000000e+04
-4.603000000000000000e+03
-9.260000000000000000e+02
4.059000000000000000e+03
6.597000000000000000e+03
2.041000000000000000e+03
2.972000000000000000e+03
3.392000000000000000e+03
2.332000000000000000e+03
6.871000000000000000e+03
4.562000000000000000e+03
-2.610000000000000000e+02
-1.665000000000000000e+03
-2.992000000000000000e+03
-1.210000000000000000e+02
-2.460000000000000000e+02
-4.671000000000000000e+03
-6.149000000000000000e+03
-8.781000000000000000e+03
-8.800000000000000000e+03
-3.757000000000000000e+03
-4.342000000000000000e+03
-6.783000000000000000e+03
-7.411000000000000000e+03
-8.396000000000000000e+03
-1.339000000000000000e+03
9.792000000000000000e+03
1.453800000000000000e+04
1.560400000000000000e+04
1.198900000000000000e+04
6.315000000000000000e+03
6.342000000000000000e+03
8.755000000000000000e+03
7.772000000000000000e+03
1.699000000000000000e+03
-4.404000000000000000e+03
-6.229000000000000000e+03
-4.557000000000000000e+03
-1.551000000000000000e+03
-1.851000000000000000e+03
-5.726000000000000000e+03
-5.983000000000000000e+03
-2.391000000000000000e+03
3.630000000000000000e+02
-1.631000000000000000e+03
-6.672000000000000000e+03
-7.388000000000000000e+03
-6.395000000000000000e+03
-7.820000000000000000e+02
5.568000000000000000e+03
6.656000000000000000e+03
1.270700000000000000e+04
1.729400000000000000e+04
1.368200000000000000e+04
1.210500000000000000e+04
1.132700000000000000e+04
5.205000000000000000e+03
7.000000000000000000e+01
-2.230000000000000000e+03
-6.338000000000000000e+03
-1.079200000000000000e+04
-1.133300000000000000e+04
-1.142100000000000000e+04
-1.472900000000000000e+04
-1.416400000000000000e+04
-9.828000000000000000e+03
-8.951000000000000000e+03
-6.731000000000000000e+03
-3.012000000000000000e+03
-3.429000000000000000e+03
-2.147000000000000000e+03
-1.520000000000000000e+03
-2.274000000000000000e+03
2.096000000000000000e+03
8.245000000000000000e+03
1.307100000000000000e+04
1.127400000000000000e+04
5.889000000000000000e+03
8.463000000000000000e+03
1.093600000000000000e+04
9.633000000000000000e+03
7.107000000000000000e+03
-2.516000000000000000e+03
-5.677000000000000000e+03
-1.434000000000000000e+03
-2.130000000000000000e+02
-2.420000000000000000e+02
-6.173000000000000000e+03
-1.096300000000000000e+04
-8.532000000000000000e+03
-5.305000000000000000e+03
-4.285000000000000000e+03
-5.746000000000000000e+03
-8.724000000000000000e+03
-1.148200000000000000e+04
-1.071600000000000000e+04
-5.539000000000000000e+03
-3.250000000000000000e+02
2.110000000000000000e+03
4.514000000000000000e+03
6.652000000000000000e+03
6.445000000000000000e+03
5.675000000000000000e+03
4.871000000000000000e+03
4.547000000000000000e+03
5.116000000000000000e+03
6.760000000000000000e+02
-6.297000000000000000e+03
-7.005000000000000000e+03
-5.422000000000000000e+03
-2.817000000000000000e+03
-2.078000000000000000e+03
-6.668000000000000000e+03
-6.819000000000000000e+03
-3.718000000000000000e+03
1.098000000000000000e+03
7.346000000000000000e+03
5.734000000000000000e+03
2.793000000000000000e+03
1.346000000000000000e+03
-1.308000000000000000e+03
1.379000000000000000e+03
3.513000000000000000e+03
3.868000000000000000e+03
8.019000000000000000e+03
8.840000000000000000e+03
6.557000000000000000e+03
4.848000000000000000e+03
1.710000000000000000e+03
8.700000000000000000e+01
-1.610000000000000000e+02
-2.165000000000000000e+03
-6.003000000000000000e+03
-9.512000000000000000e+03
-8.496000000000000000e+03
-5.226000000000000000e+03
-4.018000000000000000e+03
-2.868000000000000000e+03
-2.801000000000000000e+03
-3.450000000000000000e+03
9.780000000000000000e+02
5.723000000000000000e+03
3.842000000000000000e+03
3.128000000000000000e+03
2.029000000000000000e+03
-3.403000000000000000e+03
-2.260000000000000000e+03
1.045000000000000000e+03
3.153000000000000000e+03
7.878000000000000000e+03
1.022800000000000000e+04
1.202900000000000000e+04
1.127100000000000000e+04
9.638000000000000000e+03
1.207500000000000000e+04
8.446000000000000000e+03
2.250000000000000000e+03
-1.008000000000000000e+03
-7.105000000000000000e+03
-7.172000000000000000e+03
-4.494000000000000000e+03
-7.810000000000000000e+03
-8.769000000000000000e+03
-6.960000000000000000e+03
-5.496000000000000000e+03
-2.532000000000000000e+03
1.015000000000000000e+03
-3.420000000000000000e+02
-5.043000000000000000e+03
-6.542000000000000000e+03
-4.386000000000000000e+03
2.783000000000000000e+03
8.399000000000000000e+03
9.387000000000000000e+03
1.071300000000000000e+04
8.155000000000000000e+03
7.874000000000000000e+03
1.170900000000000000e+04
9.924000000000000000e+03
5.909000000000000000e+03
3.524000000000000000e+03
2.228000000000000000e+03
1.842000000000000000e+03
1.507000000000000000e+03
3.940000000000000000e+02
-2.651000000000000000e+03
-6.060000000000000000e+03
-3.822000000000000000e+03
2.379000000000000000e+03
3.637000000000000000e+03
1.196000000000000000e+03
-2.266000000000000000e+03
-9.844000000000000000e+03
-1.188500000000000000e+04
-6.953000000000000000e+03
-8.183000000000000000e+03
-6.700000000000000000e+03
-2.338000000000000000e+03
-2.800000000000000000e+02
5.814000000000000000e+03
8.127000000000000000e+03
6.055000000000000000e+03
4.377000000000000000e+03
2.084000000000000000e+03
7.190000000000000000e+02
1.262000000000000000e+03
9.570000000000000000e+02
-1.800000000000000000e+02
-1.877000000000000000e+03
-6.258000000000000000e+03
-6.732000000000000000e+03
-2.238000000000000000e+03
3.470000000000000000e+02
-2.500000000000000000e+01
-4.643000000000000000e+03
-8.122000000000000000e+03
-5.236000000000000000e+03
-4.320000000000000000e+03
-5.650000000000000000e+03
-7.541000000000000000e+03
-7.303000000000000000e+03
2.046000000000000000e+03
9.759000000000000000e+03
8.693000000000000000e+03
6.853000000000000000e+03
7.067000000000000000e+03
5.888000000000000000e+03
4.669000000000000000e+03
2.917000000000000000e+03
-3.435000000000000000e+03
-6.890000000000000000e+03
-7.350000000000000000e+03
-1.089400000000000000e+04
-1.077200000000000000e+04
-9.736000000000000000e+03
-9.360000000000000000e+03
-5.851000000000000000e+03
-4.986000000000000000e+03
-3.482000000000000000e+03
2.440000000000000000e+02
7.190000000000000000e+02
-2.202000000000000000e+03
-5.264000000000000000e+03
-4.066000000000000000e+03
-4.430000000000000000e+02
6.050000000000000000e+02
1.233000000000000000e+03
4.837000000000000000e+03
6.046000000000000000e+03
7.884000000000000000e+03
1.029500000000000000e+04
3.839000000000000000e+03
3.818000000000000000e+03
1.016200000000000000e+04
6.982000000000000000e+03
6.358000000000000000e+03
4.260000000000000000e+03
-3.051000000000000000e+03
-5.000000000000000000e+01
2.300000000000000000e+03
-1.741000000000000000e+03
-3.393000000000000000e+03
-5.677000000000000000e+03
-5.194000000000000000e+03
-3.055000000000000000e+03
-6.811000000000000000e+03
-1.076600000000000000e+04
-1.178800000000000000e+04
-1.004700000000000000e+04
-5.921000000000000000e+03
-4.345000000000000000e+03
-2.230000000000000000e+03
3.831000000000000000e+03
9.692000000000000000e+03
9.652000000000000000e+03
8.759000000000000000e+03
7.716000000000000000e+03
3.599000000000000000e+03
9.129000000000000000e+03
1.238300000000000000e+04
4.536000000000000000e+03
3.714000000000000000e+03
2.944000000000000000e+03
-7.730000000000000000e+02
3.177000000000000000e+03
3.132000000000000000e+03
1.970000000000000000e+02
5.637000000000000000e+03
5.600000000000000000e+03
1.023000000000000000e+03
2.704000000000000000e+03
9.380000000000000000e+02
-3.043000000000000000e+03
-6.277000000000000000e+03
-1.133300000000000000e+04
-9.962000000000000000e+03
-4.432000000000000000e+03
-1.121000000000000000e+03
2.022000000000000000e+03
2.559000000000000000e+03
4.450000000000000000e+02
1.307000000000000000e+03
1.876000000000000000e+03
1.692000000000000000e+03
3.912000000000000000e+03
2.400000000000000000e+02
-3.684000000000000000e+03
-2.890000000000000000e+03
-5.095000000000000000e+03
-6.900000000000000000e+02
5.740000000000000000e+03
-8.010000000000000000e+02
-2.632000000000000000e+03
4.382000000000000000e+03
5.908000000000000000e+03
9.320000000000000000e+03
8.040000000000000000e+03
-4.629000000000000000e+03
-9.770000000000000000e+03
-7.414000000000000000e+03
-8.517000000000000000e+03
-6.477000000000000000e+03
-3.140000000000000000e+03
-2.381000000000000000e+03
-2.430000000000000000e+02
-6.100000000000000000e+01
2.681000000000000000e+03
7.060000000000000000e+03
6.623000000000000000e+03
2.920000000000000000e+03
-1.114000000000000000e+03
-2.699000000000000000e+03
-2.562000000000000000e+03
-6.500000000000000000e+02
-4.152000000000000000e+03
-1.177900000000000000e+04
-1.318400000000000000e+04
-1.117500000000000000e+04
-6.078000000000000000e+03
-1.179000000000000000e+03
-9.920000000000000000e+02
1.564000000000000000e+03
3.015000000000000000e+03
4.516000000000000000e+03
8.280000000000000000e+03
4.896000000000000000e+03
3.403000000000000000e+03
5.431000000000000000e+03
6.308000000000000000e+03
1.021400000000000000e+04
9.666000000000000000e+03
3.762000000000000000e+03
-3.040000000000000000e+02
9.700000000000000000e+01
3.992000000000000000e+03
2.841000000000000000e+03
-1.840000000000000000e+03
-1.263000000000000000e+03
-2.020000000000000000e+03
-1.651000000000000000e+03
-1.240000000000000000e+02
-4.642000000000000000e+03
-6.420000000000000000e+03
-6.777000000000000000e+03
-6.150000000000000000e+03
-3.464000000000000000e+03
-5.513000000000000000e+03
-5.901000000000000000e+03
-4.766000000000000000e+03
-6.912000000000000000e+03
-6.333000000000000000e+03
-4.841000000000000000e+03
-6.038000000000000000e+03
-4.755000000000000000e+03
8.500000000000000000e+02
4.081000000000000000e+03
5.405000000000000000e+03
8.456000000000000000e+03
6.890000000000000000e+03
7.018000000000000000e+03
8.875000000000000000e+03
4.997000000000000000e+03
4.971000000000000000e+03
4.668000000000000000e+03
2.546000000000000000e+03
4.446000000000000000e+03
2.903000000000000000e+03
-1.130000000000000000e+02
-4.680000000000000000e+02
6.220000000000000000e+02
1.999000000000000000e+03
1.178000000000000000e+03
1.280000000000000000e+02
-6.700000000000000000e+01
-8.180000000000000000e+02
-7.720000000000000000e+02
-8.950000000000000000e+02
-2.481000000000000000e+03
-1.628000000000000000e+03
-5.910000000000000000e+02
3.180000000000000000e+02
4.229000000000000000e+03
7.120000000000000000e+03
8.845000000000000000e+03
6.686000000000000000e+03
3.875000000000000000e+03
4.797000000000000000e+03
3.025000000000000000e+03
3.433000000000000000e+03
2.384000000000000000e+03
-7.098000000000000000e+03
-8.680000000000000000e+03
-2.737000000000000000e+03
-2.016000000000000000e+03
6.000000000000000000e+02
-2.460000000000000000e+02
-4.765000000000000000e+03
1.333000000000000000e+03
5.258000000000000000e+03
3.705000000000000000e+03
3.086000000000000000e+03
-1.323000000000000000e+03
-2.229000000000000000e+03
5.200000000000000000e+02
3.300000000000000000e+01
-3.276000000000000000e+03
-7.462000000000000000e+03
-8.917000000000000000e+03
-5.551000000000000000e+03
-5.950000000000000000e+02
-6.800000000000000000e+01
-1.811000000000000000e+03
1.752000000000000000e+03
3.939000000000000000e+03
2.236000000000000000e+03
2.946000000000000000e+03
-1.964000000000000000e+03
-3.424000000000000000e+03
6.960000000000000000e+02
-3.654000000000000000e+03
-4.809000000000000000e+03
-6.126000000000000000e+03
-9.844000000000000000e+03
-6.118000000000000000e+03
-6.582000000000000000e+03
-8.714000000000000000e+03
-6.111000000000000000e+03
-7.578000000000000000e+03
-7.201000000000000000e+03
-5.074000000000000000e+03
-9.465000000000000000e+03
-8.346000000000000000e+03
-4.131000000000000000e+03
-6.349000000000000000e+03
-5.320000000000000000e+03
-2.737000000000000000e+03
-9.360000000000000000e+02
5.697000000000000000e+03
9.098000000000000000e+03
8.294000000000000000e+03
8.317000000000000000e+03
3.916000000000000000e+03
3.282000000000000000e+03
5.266000000000000000e+03
-1.064000000000000000e+03
-3.927000000000000000e+03
-4.862000000000000000e+03
-7.408000000000000000e+03
-2.981000000000000000e+03
-1.284000000000000000e+03
-1.103000000000000000e+03
4.605000000000000000e+03
7.786000000000000000e+03
9.080000000000000000e+03
9.758000000000000000e+03
8.776000000000000000e+03
6.469000000000000000e+03
1.323000000000000000e+03
-3.564000000000000000e+03
-6.735000000000000000e+03
-7.281000000000000000e+03
-4.677000000000000000e+03
-9.340000000000000000e+02
4.525000000000000000e+03
7.710000000000000000e+03
8.170000000000000000e+03
1.057900000000000000e+04
9.380000000000000000e+03
9.430000000000000000e+03
1.251600000000000000e+04
6.236000000000000000e+03
6.020000000000000000e+02
-1.437000000000000000e+03
-6.547000000000000000e+03
-3.496000000000000000e+03
-6.170000000000000000e+02
-6.022000000000000000e+03
-4.909000000000000000e+03
-1.270000000000000000e+02
2.547000000000000000e+03
5.845000000000000000e+03
6.673000000000000000e+03
5.600000000000000000e+03
3.026000000000000000e+03
3.930000000000000000e+02
-1.397000000000000000e+03
-2.350000000000000000e+03
-1.223000000000000000e+03
-9.980000000000000000e+02
-1.813000000000000000e+03
4.520000000000000000e+02
3.503000000000000000e+03
6.019000000000000000e+03
7.986000000000000000e+03
3.217000000000000000e+03
2.470000000000000000e+03
7.332000000000000000e+03
8.236000000000000000e+03
6.522000000000000000e+03
-2.748000000000000000e+03
-7.736000000000000000e+03
-5.802000000000000000e+03
-6.869000000000000000e+03
-5.336000000000000000e+03
-8.331000000000000000e+03
-1.210800000000000000e+04
-3.969000000000000000e+03
-7.130000000000000000e+02
-2.746000000000000000e+03
1.240000000000000000e+02
-3.090000000000000000e+03
-2.664000000000000000e+03
2.683000000000000000e+03
3.880000000000000000e+02
-3.283000000000000000e+03
-4.444000000000000000e+03
-2.484000000000000000e+03
5.420000000000000000e+02
1.070000000000000000e+02
1.550000000000000000e+02
1.674000000000000000e+03
-3.730000000000000000e+02
2.408000000000000000e+03
3.318000000000000000e+03
-2.503000000000000000e+03
9.010000000000000000e+02
3.356000000000000000e+03
-8.920000000000000000e+02
-2.041000000000000000e+03
-3.653000000000000000e+03
-5.514000000000000000e+03
-1.460000000000000000e+03
-8.900000000000000000e+01
-3.651000000000000000e+03
-1.958000000000000000e+03
-7.190000000000000000e+02
5.500000000000000000e+01
2.772000000000000000e+03
1.258000000000000000e+03
1.130000000000000000e+02
2.172000000000000000e+03
2.736000000000000000e+03
1.994000000000000000e+03
1.799000000000000000e+03
7.050000000000000000e+02
-3.350000000000000000e+02
5.300000000000000000e+02
2.740000000000000000e+03
3.918000000000000000e+03
3.632000000000000000e+03
3.384000000000000000e+03
3.667000000000000000e+03
4.115000000000000000e+03
4.919000000000000000e+03
3.996000000000000000e+03
-1.480000000000000000e+03
-3.127000000000000000e+03
-6.130000000000000000e+02
-2.768000000000000000e+03
-5.795000000000000000e+03
-6.610000000000000000e+03
-5.926000000000000000e+03
-3.182000000000000000e+03
2.090000000000000000e+02
-2.531000000000000000e+03
-6.697000000000000000e+03
-1.822000000000000000e+03
2.291000000000000000e+03
-1.435000000000000000e+03
-5.453000000000000000e+03
-6.734000000000000000e+03
-4.808000000000000000e+03
2.410000000000000000e+02
-3.600000000000000000e+01
-4.658000000000000000e+03
-5.344000000000000000e+03
-1.157000000000000000e+03
4.940000000000000000e+03
4.646000000000000000e+03
-8.790000000000000000e+02
-4.158000000000000000e+03
-3.352000000000000000e+03
1.600000000000000000e+01
1.122000000000000000e+03
-3.538000000000000000e+03
-7.837000000000000000e+03
-3.819000000000000000e+03
-4.920000000000000000e+02
-2.545000000000000000e+03
-4.935000000000000000e+03
-6.157000000000000000e+03
-2.165000000000000000e+03
2.665000000000000000e+03
4.017000000000000000e+03
2.752000000000000000e+03
-1.882000000000000000e+03
-8.950000000000000000e+02
3.352000000000000000e+03
5.830000000000000000e+02
-1.030000000000000000e+02
-6.540000000000000000e+02
-4.213000000000000000e+03
-2.450000000000000000e+03
-2.191000000000000000e+03
-3.839000000000000000e+03
-2.288000000000000000e+03
1.243000000000000000e+03
6.242000000000000000e+03
8.877000000000000000e+03
7.873000000000000000e+03
5.852000000000000000e+03
6.650000000000000000e+03
9.807000000000000000e+03
8.689000000000000000e+03
3.514000000000000000e+03
1.080000000000000000e+02
3.800000000000000000e+02
3.434000000000000000e+03
3.972000000000000000e+03
3.380000000000000000e+02
-2.304000000000000000e+03
-4.000000000000000000e+01
3.772000000000000000e+03
4.023000000000000000e+03
4.647000000000000000e+03
3.643000000000000000e+03
5.400000000000000000e+01
1.095000000000000000e+03
9.540000000000000000e+02
-2.460000000000000000e+03
-7.760000000000000000e+02
1.012000000000000000e+03
-1.811000000000000000e+03
-2.297000000000000000e+03
-6.500000000000000000e+01
2.080000000000000000e+02
1.518000000000000000e+03
4.892000000000000000e+03
5.613000000000000000e+03
5.617000000000000000e+03
5.936000000000000000e+03
5.301000000000000000e+03
5.823000000000000000e+03
6.270000000000000000e+03
3.534000000000000000e+03
-1.133000000000000000e+03
-2.107000000000000000e+03
1.290000000000000000e+02
-3.000000000000000000e+01
-1.725000000000000000e+03
-4.430000000000000000e+03
-6.734000000000000000e+03
-3.139000000000000000e+03
-1.003000000000000000e+03
-3.151000000000000000e+03
-4.388000000000000000e+03
-4.918000000000000000e+03
-5.350000000000000000e+02
8.510000000000000000e+02
-1.605000000000000000e+03
-6.500000000000000000e+01
-1.755000000000000000e+03
-1.153000000000000000e+03
1.731000000000000000e+03
-1.592000000000000000e+03
-2.936000000000000000e+03
-2.563000000000000000e+03
-3.906000000000000000e+03
-1.455000000000000000e+03
5.490000000000000000e+02
-5.500000000000000000e+01
2.275000000000000000e+03
2.101000000000000000e+03
-2.455000000000000000e+03
-1.359000000000000000e+03
2.768000000000000000e+03
4.487000000000000000e+03
3.965000000000000000e+03
-5.450000000000000000e+02
-2.323000000000000000e+03
1.363000000000000000e+03
2.612000000000000000e+03
-3.840000000000000000e+02
-5.348000000000000000e+03
-6.787000000000000000e+03
-2.981000000000000000e+03
-1.557000000000000000e+03
-4.629000000000000000e+03
-8.872000000000000000e+03
-1.016200000000000000e+04
-8.207000000000000000e+03
-6.051000000000000000e+03
-7.373000000000000000e+03
-9.892000000000000000e+03
-6.080000000000000000e+03
-3.823000000000000000e+03
-6.992000000000000000e+03
-5.936000000000000000e+03
-4.741000000000000000e+03
-4.230000000000000000e+03
8.110000000000000000e+02
2.835000000000000000e+03
3.062000000000000000e+03
4.278000000000000000e+03
3.180000000000000000e+03
4.287000000000000000e+03
4.558000000000000000e+03
3.429000000000000000e+03
6.809000000000000000e+03
6.765000000000000000e+03
3.695000000000000000e+03
4.445000000000000000e+03
2.867000000000000000e+03
2.864000000000000000e+03
4.521000000000000000e+03
1.465000000000000000e+03
2.612000000000000000e+03
3.786000000000000000e+03
7.820000000000000000e+02
2.423000000000000000e+03
1.876000000000000000e+03
1.120000000000000000e+02
2.480000000000000000e+03
-3.620000000000000000e+02
-2.415000000000000000e+03
1.250000000000000000e+02
-1.226000000000000000e+03
2.300000000000000000e+02
1.222000000000000000e+03
-2.259000000000000000e+03
1.818000000000000000e+03
5.626000000000000000e+03
5.497000000000000000e+03
6.337000000000000000e+03
3.082000000000000000e+03
2.040000000000000000e+03
5.061000000000000000e+03
5.155000000000000000e+03
2.626000000000000000e+03
8.040000000000000000e+02
1.145000000000000000e+03
1.810000000000000000e+03
7.700000000000000000e+01
-2.362000000000000000e+03
-1.564000000000000000e+03
1.710000000000000000e+02
3.500000000000000000e+01
3.460000000000000000e+02
-1.333000000000000000e+03
-2.286000000000000000e+03
9.400000000000000000e+02
-7.480000000000000000e+02
-4.820000000000000000e+03
-4.804000000000000000e+03
-3.530000000000000000e+03
-2.070000000000000000e+03
-2.388000000000000000e+03
-4.513000000000000000e+03
-5.687000000000000000e+03
-5.439000000000000000e+03
-3.794000000000000000e+03
-1.480000000000000000e+03
-2.690000000000000000e+02
1.390000000000000000e+02
1.952000000000000000e+03
3.391000000000000000e+03
2.578000000000000000e+03
2.768000000000000000e+03
2.069000000000000000e+03
7.120000000000000000e+02
9.550000000000000000e+02
1.571000000000000000e+03
5.540000000000000000e+02
-3.557000000000000000e+03
-3.585000000000000000e+03
-2.927000000000000000e+03
-4.614000000000000000e+03
-1.249000000000000000e+03
3.300000000000000000e+02
-4.620000000000000000e+02
3.142000000000000000e+03
4.540000000000000000e+03
2.824000000000000000e+03
2.644000000000000000e+03
1.003000000000000000e+03
-8.400000000000000000e+01
-9.500000000000000000e+01
-3.215000000000000000e+03
-5.511000000000000000e+03
-5.945000000000000000e+03
-5.755000000000000000e+03
-4.205000000000000000e+03
-4.051000000000000000e+03
-3.138000000000000000e+03
8.010000000000000000e+02
4.247000000000000000e+03
6.472000000000000000e+03
6.520000000000000000e+03
4.792000000000000000e+03
5.168000000000000000e+03
5.126000000000000000e+03
3.510000000000000000e+03
2.551000000000000000e+03
2.433000000000000000e+03
1.290000000000000000e+02
-2.369000000000000000e+03
-2.365000000000000000e+03
-3.546000000000000000e+03
-2.201000000000000000e+03
1.285000000000000000e+03
5.700000000000000000e+02
-2.243000000000000000e+03
-1.368000000000000000e+03
1.870000000000000000e+03
2.164000000000000000e+03
5.100000000000000000e+02
-1.935000000000000000e+03
-2.979000000000000000e+03
-1.567000000000000000e+03
-2.620000000000000000e+02
-6.920000000000000000e+02
-3.541000000000000000e+03
-4.136000000000000000e+03
-2.007000000000000000e+03
-1.336000000000000000e+03
-3.330000000000000000e+02
4.010000000000000000e+02
-6.110000000000000000e+02
1.485000000000000000e+03
4.026000000000000000e+03
3.449000000000000000e+03
4.939000000000000000e+03
4.345000000000000000e+03
6.820000000000000000e+02
8.690000000000000000e+02
1.420000000000000000e+03
-5.590000000000000000e+02
-2.788000000000000000e+03
-6.438000000000000000e+03
-8.409000000000000000e+03
-6.999000000000000000e+03
-6.102000000000000000e+03
-3.975000000000000000e+03
-4.155000000000000000e+03
-5.230000000000000000e+03
-2.327000000000000000e+03
-1.630000000000000000e+02
2.070000000000000000e+03
2.258000000000000000e+03
4.360000000000000000e+02
9.020000000000000000e+02
7.550000000000000000e+02
2.900000000000000000e+02
-4.800000000000000000e+02
-2.881000000000000000e+03
-3.664000000000000000e+03
-3.113000000000000000e+03
-2.690000000000000000e+02
4.448000000000000000e+03
4.977000000000000000e+03
3.074000000000000000e+03
2.493000000000000000e+03
3.261000000000000000e+03
4.912000000000000000e+03
6.624000000000000000e+03
5.113000000000000000e+03
2.167000000000000000e+03
3.218000000000000000e+03
3.372000000000000000e+03
3.069000000000000000e+03
2.702000000000000000e+03
-1.524000000000000000e+03
-9.660000000000000000e+02
1.653000000000000000e+03
-2.170000000000000000e+02
3.080000000000000000e+02
-1.790000000000000000e+02
-6.170000000000000000e+02
2.376000000000000000e+03
1.951000000000000000e+03
6.740000000000000000e+02
1.979000000000000000e+03
2.843000000000000000e+03
2.520000000000000000e+03
2.260000000000000000e+03
-2.750000000000000000e+02
-3.823000000000000000e+03
-4.485000000000000000e+03
-5.196000000000000000e+03
-4.823000000000000000e+03
-3.750000000000000000e+03
-3.951000000000000000e+03
-2.189000000000000000e+03
3.830000000000000000e+02
2.873000000000000000e+03
4.324000000000000000e+03
4.758000000000000000e+03
5.436000000000000000e+03
3.799000000000000000e+03
3.285000000000000000e+03
3.335000000000000000e+03
-2.880000000000000000e+02
-1.815000000000000000e+03
-1.702000000000000000e+03
-2.790000000000000000e+03
-1.808000000000000000e+03
-1.451000000000000000e+03
-1.242000000000000000e+03
4.880000000000000000e+02
6.180000000000000000e+02
1.090000000000000000e+03
1.672000000000000000e+03
1.110000000000000000e+03
1.903000000000000000e+03
2.407000000000000000e+03
1.677000000000000000e+03
2.650000000000000000e+03
2.395000000000000000e+03
7.120000000000000000e+02
2.121000000000000000e+03
1.797000000000000000e+03
-7.300000000000000000e+01
6.050000000000000000e+02
9.900000000000000000e+01
2.680000000000000000e+02
1.701000000000000000e+03
4.720000000000000000e+02
1.522000000000000000e+03
3.728000000000000000e+03
4.462000000000000000e+03
6.926000000000000000e+03
4.543000000000000000e+03
2.453000000000000000e+03
4.874000000000000000e+03
1.574000000000000000e+03
1.390000000000000000e+02
5.000000000000000000e+02
-4.828000000000000000e+03
-5.206000000000000000e+03
-2.957000000000000000e+03
-4.806000000000000000e+03
-5.183000000000000000e+03
-5.352000000000000000e+03
-6.502000000000000000e+03
-5.385000000000000000e+03
-3.879000000000000000e+03
-3.875000000000000000e+03
-3.446000000000000000e+03
-3.083000000000000000e+03
-3.972000000000000000e+03
-2.709000000000000000e+03
-1.626000000000000000e+03
-3.373000000000000000e+03
-2.202000000000000000e+03
-2.160000000000000000e+03
-4.388000000000000000e+03
-2.663000000000000000e+03
-2.430000000000000000e+03
-3.149000000000000000e+03
-1.651000000000000000e+03
-2.675000000000000000e+03
-2.452000000000000000e+03
-4.490000000000000000e+02
-4.050000000000000000e+02
6.060000000000000000e+02
-1.369000000000000000e+03
-2.811000000000000000e+03
5.630000000000000000e+02
-8.880000000000000000e+02
-3.053000000000000000e+03
-3.069000000000000000e+03
-4.757000000000000000e+03
-3.564000000000000000e+03
-2.505000000000000000e+03
-3.336000000000000000e+03
-3.040000000000000000e+03
-2.179000000000000000e+03
-6.600000000000000000e+02
-1.121000000000000000e+03
-1.926000000000000000e+03
-1.533000000000000000e+03
-1.551000000000000000e+03
-5.080000000000000000e+02
-1.042000000000000000e+03
-1.676000000000000000e+03
-2.860000000000000000e+02
-5.400000000000000000e+01
1.052000000000000000e+03
1.195000000000000000e+03
-5.930000000000000000e+02
6.840000000000000000e+02
1.179000000000000000e+03
-1.420000000000000000e+02
-2.300000000000000000e+01
-1.202000000000000000e+03
-1.236000000000000000e+03
5.270000000000000000e+02
8.120000000000000000e+02
2.642000000000000000e+03
4.685000000000000000e+03
4.522000000000000000e+03
5.091000000000000000e+03
6.053000000000000000e+03
5.628000000000000000e+03
6.349000000000000000e+03
6.626000000000000000e+03
5.409000000000000000e+03
5.861000000000000000e+03
5.923000000000000000e+03
5.974000000000000000e+03
6.408000000000000000e+03
5.760000000000000000e+03
5.225000000000000000e+03
3.344000000000000000e+03
1.459000000000000000e+03
2.498000000000000000e+03
2.635000000000000000e+03
1.401000000000000000e+03
1.302000000000000000e+03
8.090000000000000000e+02
3.106000000000000000e+03
7.007000000000000000e+03
6.998000000000000000e+03
4.842000000000000000e+03
3.833000000000000000e+03
5.116000000000000000e+03
6.140000000000000000e+03
5.136000000000000000e+03
1.752000000000000000e+03
-1.800000000000000000e+03
-1.458000000000000000e+03
-1.890000000000000000e+02
-9.130000000000000000e+02
-2.710000000000000000e+03
-1.837000000000000000e+03
1.517000000000000000e+03
1.796000000000000000e+03
1.768000000000000000e+03
2.991000000000000000e+03
2.636000000000000000e+03
1.993000000000000000e+03
6.270000000000000000e+02
-1.826000000000000000e+03
-2.334000000000000000e+03
-1.174000000000000000e+03
-1.919000000000000000e+03
-3.098000000000000000e+03
-3.811000000000000000e+03
-4.365000000000000000e+03
-2.163000000000000000e+03
-1.131000000000000000e+03
-2.441000000000000000e+03
-9.770000000000000000e+02
6.500000000000000000e+02
-3.750000000000000000e+02
-1.434000000000000000e+03
-2.237000000000000000e+03
-1.283000000000000000e+03
8.000000000000000000e+01
-1.741000000000000000e+03
-1.989000000000000000e+03
-1.624000000000000000e+03
-5.190000000000000000e+02
2.252000000000000000e+03
-6.700000000000000000e+02
-4.451000000000000000e+03
-3.743000000000000000e+03
-2.995000000000000000e+03
-3.440000000000000000e+03
-3.797000000000000000e+03
-5.051000000000000000e+03
-4.831000000000000000e+03
-1.721000000000000000e+03
-3.640000000000000000e+02
-8.780000000000000000e+02
7.370000000000000000e+02
3.248000000000000000e+03
2.743000000000000000e+03
2.903000000000000000e+03
2.512000000000000000e+03
1.560000000000000000e+02
1.910000000000000000e+02
-1.003000000000000000e+03
-2.581000000000000000e+03
-2.640000000000000000e+03
-2.086000000000000000e+03
-1.088000000000000000e+03
-3.344000000000000000e+03
-4.633000000000000000e+03
-2.494000000000000000e+03
-2.834000000000000000e+03
-3.229000000000000000e+03
-3.260000000000000000e+03
-5.734000000000000000e+03
-4.476000000000000000e+03
-2.253000000000000000e+03
-3.733000000000000000e+03
-3.509000000000000000e+03
-3.925000000000000000e+03
-4.711000000000000000e+03
-3.183000000000000000e+03
-3.657000000000000000e+03
-3.607000000000000000e+03
-3.954000000000000000e+03
-5.877000000000000000e+03
-4.859000000000000000e+03
-4.255000000000000000e+03
-4.427000000000000000e+03
-3.594000000000000000e+03
-3.584000000000000000e+03
-1.797000000000000000e+03
7.420000000000000000e+02
8.770000000000000000e+02
2.109000000000000000e+03
2.434000000000000000e+03
3.880000000000000000e+02
1.952000000000000000e+03
3.044000000000000000e+03
1.248000000000000000e+03
6.710000000000000000e+02
4.800000000000000000e+01
-3.100000000000000000e+02
2.168000000000000000e+03
3.540000000000000000e+03
1.522000000000000000e+03
4.860000000000000000e+02
1.427000000000000000e+03
2.428000000000000000e+03
3.320000000000000000e+03
3.563000000000000000e+03
1.395000000000000000e+03
1.888000000000000000e+03
4.870000000000000000e+03
4.549000000000000000e+03
4.482000000000000000e+03
3.938000000000000000e+03
3.152000000000000000e+03
4.371000000000000000e+03
2.836000000000000000e+03
8.450000000000000000e+02
2.538000000000000000e+03
4.250000000000000000e+03
3.265000000000000000e+03
1.697000000000000000e+03
1.063000000000000000e+03
3.320000000000000000e+03
6.353000000000000000e+03
4.966000000000000000e+03
4.337000000000000000e+03
4.427000000000000000e+03
3.541000000000000000e+03
6.497000000000000000e+03
5.861000000000000000e+03
2.053000000000000000e+03
2.939000000000000000e+03
4.275000000000000000e+03
4.552000000000000000e+03
3.624000000000000000e+03
1.627000000000000000e+03
1.701000000000000000e+03
2.682000000000000000e+03
2.381000000000000000e+03
4.160000000000000000e+02
-1.708000000000000000e+03
-2.911000000000000000e+03
-1.947000000000000000e+03
-3.840000000000000000e+02
-2.160000000000000000e+03
-2.954000000000000000e+03
-1.821000000000000000e+03
-9.740000000000000000e+02
1.492000000000000000e+03
8.670000000000000000e+02
-1.764000000000000000e+03
-2.123000000000000000e+03
-2.647000000000000000e+03
-2.314000000000000000e+03
-2.106000000000000000e+03
-3.745000000000000000e+03
-4.294000000000000000e+03
-3.265000000000000000e+03
-2.513000000000000000e+03
-9.500000000000000000e+02
7.920000000000000000e+02
1.056000000000000000e+03
1.946000000000000000e+03
2.628000000000000000e+03
1.205000000000000000e+03
-6.430000000000000000e+02
-2.028000000000000000e+03
-3.886000000000000000e+03
-4.022000000000000000e+03
-2.563000000000000000e+03
-2.510000000000000000e+03
-1.926000000000000000e+03
-5.440000000000000000e+02
6.160000000000000000e+02
5.440000000000000000e+02
-3.060000000000000000e+02
1.790000000000000000e+02
-1.000000000000000000e+02
6.070000000000000000e+02
1.194000000000000000e+03
-5.270000000000000000e+02
4.200000000000000000e+02
1.574000000000000000e+03
1.829000000000000000e+03
2.822000000000000000e+03
1.444000000000000000e+03
1.437000000000000000e+03
3.594000000000000000e+03
4.182000000000000000e+03
3.131000000000000000e+03
-3.560000000000000000e+02
-3.028000000000000000e+03
-1.546000000000000000e+03
-2.840000000000000000e+02
-2.191000000000000000e+03
-3.821000000000000000e+03
-4.454000000000000000e+03
-3.880000000000000000e+03
-1.312000000000000000e+03
-1.032000000000000000e+03
-2.242000000000000000e+03
-1.704000000000000000e+03
-1.787000000000000000e+03
-8.810000000000000000e+02
8.160000000000000000e+02
-1.160000000000000000e+03
-2.519000000000000000e+03
-1.536000000000000000e+03
-7.280000000000000000e+02
3.550000000000000000e+02
1.600000000000000000e+01
-8.930000000000000000e+02
-5.120000000000000000e+02
4.140000000000000000e+02
6.680000000000000000e+02
5.480000000000000000e+02
1.340000000000000000e+02
2.180000000000000000e+02
1.707000000000000000e+03
1.406000000000000000e+03
-5.600000000000000000e+02
-1.200000000000000000e+03
-1.008000000000000000e+03
-5.100000000000000000e+01
3.080000000000000000e+02
-1.728000000000000000e+03
-1.914000000000000000e+03
2.240000000000000000e+02
1.359000000000000000e+03
1.505000000000000000e+03
-6.000000000000000000e+01
-8.030000000000000000e+02
7.980000000000000000e+02
1.586000000000000000e+03
1.572000000000000000e+03
1.410000000000000000e+02
-2.690000000000000000e+03
-2.568000000000000000e+03
-9.770000000000000000e+02
-1.471000000000000000e+03
-1.794000000000000000e+03
-2.626000000000000000e+03
-4.261000000000000000e+03
-2.848000000000000000e+03
-1.408000000000000000e+03
-2.791000000000000000e+03
-3.991000000000000000e+03
-4.177000000000000000e+03
-3.949000000000000000e+03
-2.846000000000000000e+03
-1.529000000000000000e+03
-2.303000000000000000e+03
-2.075000000000000000e+03
7.070000000000000000e+02
1.649000000000000000e+03
1.376000000000000000e+03
1.195000000000000000e+03
1.137000000000000000e+03
2.545000000000000000e+03
3.004000000000000000e+03
9.880000000000000000e+02
-5.490000000000000000e+02
-2.410000000000000000e+02
7.480000000000000000e+02
1.233000000000000000e+03
-1.430000000000000000e+02
-1.801000000000000000e+03
-4.470000000000000000e+02
1.291000000000000000e+03
1.279000000000000000e+03
7.350000000000000000e+02
-1.570000000000000000e+02
2.530000000000000000e+02
1.132000000000000000e+03
1.723000000000000000e+03
2.561000000000000000e+03
1.787000000000000000e+03
1.677000000000000000e+03
3.573000000000000000e+03
4.118000000000000000e+03
4.213000000000000000e+03
4.816000000000000000e+03
5.045000000000000000e+03
5.789000000000000000e+03
6.451000000000000000e+03
5.510000000000000000e+03
4.695000000000000000e+03
4.973000000000000000e+03
4.732000000000000000e+03
4.066000000000000000e+03
2.726000000000000000e+03
1.708000000000000000e+03
2.719000000000000000e+03
3.627000000000000000e+03
2.650000000000000000e+03
1.471000000000000000e+03
1.725000000000000000e+03
2.264000000000000000e+03
2.515000000000000000e+03
1.842000000000000000e+03
-7.570000000000000000e+02
-1.409000000000000000e+03
6.590000000000000000e+02
1.016000000000000000e+03
-5.400000000000000000e+02
-1.660000000000000000e+03
-5.050000000000000000e+02
1.364000000000000000e+03
1.966000000000000000e+03
1.937000000000000000e+03
6.270000000000000000e+02
2.740000000000000000e+02
1.957000000000000000e+03
1.559000000000000000e+03
-8.400000000000000000e+02
-2.530000000000000000e+03
-3.591000000000000000e+03
-3.323000000000000000e+03
-2.719000000000000000e+03
-3.710000000000000000e+03
-4.001000000000000000e+03
-3.048000000000000000e+03
-2.089000000000000000e+03
-1.281000000000000000e+03
-1.565000000000000000e+03
-2.380000000000000000e+03
-1.742000000000000000e+03
-7.620000000000000000e+02
-1.495000000000000000e+03
-2.493000000000000000e+03
-3.149000000000000000e+03
-3.752000000000000000e+03
-3.602000000000000000e+03
-3.262000000000000000e+03
-4.277000000000000000e+03
-5.655000000000000000e+03
-4.947000000000000000e+03
-3.330000000000000000e+03
-2.679000000000000000e+03
-3.134000000000000000e+03
-3.538000000000000000e+03
-2.401000000000000000e+03
-8.400000000000000000e+02
-6.020000000000000000e+02
-6.020000000000000000e+02
-5.080000000000000000e+02
-6.300000000000000000e+02
-2.790000000000000000e+02
-2.000000000000000000e+00
5.650000000000000000e+02
1.106000000000000000e+03
7.160000000000000000e+02
-4.850000000000000000e+02
-1.432000000000000000e+03
-1.414000000000000000e+03
-1.656000000000000000e+03
-1.704000000000000000e+03
-2.334000000000000000e+03
-3.828000000000000000e+03
-3.374000000000000000e+03
-1.697000000000000000e+03
-1.075000000000000000e+03
-1.279000000000000000e+03
-2.269000000000000000e+03
-3.141000000000000000e+03
-2.329000000000000000e+03
-2.057000000000000000e+03
-3.050000000000000000e+03
-3.670000000000000000e+03
-4.501000000000000000e+03
-4.903000000000000000e+03
-4.134000000000000000e+03
-3.175000000000000000e+03
-2.735000000000000000e+03
-2.597000000000000000e+03
-1.783000000000000000e+03
-1.268000000000000000e+03
-1.271000000000000000e+03
-1.880000000000000000e+02
6.120000000000000000e+02
4.900000000000000000e+02
1.610000000000000000e+02
2.050000000000000000e+02
1.925000000000000000e+03
4.417000000000000000e+03
5.340000000000000000e+03
5.475000000000000000e+03
6.802000000000000000e+03
8.100000000000000000e+03
9.139000000000000000e+03
9.342000000000000000e+03
8.275000000000000000e+03
8.713000000000000000e+03
9.950000000000000000e+03
1.064300000000000000e+04
1.111700000000000000e+04
1.059100000000000000e+04
1.010300000000000000e+04
1.079400000000000000e+04
1.086100000000000000e+04
9.092000000000000000e+03
7.504000000000000000e+03
7.041000000000000000e+03
6.333000000000000000e+03
4.584000000000000000e+03
2.114000000000000000e+03
6.860000000000000000e+02
7.530000000000000000e+02
8.200000000000000000e+02
2.810000000000000000e+02
-1.140000000000000000e+03
-2.439000000000000000e+03
-2.741000000000000000e+03
-3.649000000000000000e+03
-5.105000000000000000e+03
-7.070000000000000000e+03
-8.281000000000000000e+03
-7.504000000000000000e+03
-6.376000000000000000e+03
-5.550000000000000000e+03
-5.577000000000000000e+03
-5.540000000000000000e+03
-4.682000000000000000e+03
-3.109000000000000000e+03
-2.022000000000000000e+03
-2.646000000000000000e+03
-3.536000000000000000e+03
-4.215000000000000000e+03
-4.356000000000000000e+03
-3.872000000000000000e+03
-4.046000000000000000e+03
-4.420000000000000000e+03
-4.279000000000000000e+03
-3.691000000000000000e+03
-2.614000000000000000e+03
-2.336000000000000000e+03
-2.064000000000000000e+03
-1.200000000000000000e+03
-1.699000000000000000e+03
-2.449000000000000000e+03
-2.614000000000000000e+03
-2.605000000000000000e+03
-2.348000000000000000e+03
-2.779000000000000000e+03
-3.503000000000000000e+03
-3.479000000000000000e+03
-3.251000000000000000e+03
-2.793000000000000000e+03
-2.214000000000000000e+03
-2.653000000000000000e+03
-3.532000000000000000e+03
-3.659000000000000000e+03
-2.796000000000000000e+03
-2.133000000000000000e+03
-1.814000000000000000e+03
-1.407000000000000000e+03
-1.130000000000000000e+03
1.460000000000000000e+02
2.063000000000000000e+03
2.891000000000000000e+03
2.984000000000000000e+03
4.156000000000000000e+03
4.763000000000000000e+03
4.233000000000000000e+03
4.258000000000000000e+03
3.520000000000000000e+03
2.989000000000000000e+03
3.444000000000000000e+03
3.651000000000000000e+03
3.974000000000000000e+03
4.480000000000000000e+03
5.308000000000000000e+03
6.267000000000000000e+03
6.487000000000000000e+03
6.138000000000000000e+03
5.602000000000000000e+03
5.810000000000000000e+03
6.413000000000000000e+03
5.157000000000000000e+03
3.292000000000000000e+03
2.911000000000000000e+03
3.397000000000000000e+03
4.516000000000000000e+03
5.150000000000000000e+03
4.295000000000000000e+03
4.383000000000000000e+03
5.409000000000000000e+03
5.629000000000000000e+03
5.287000000000000000e+03
3.267000000000000000e+03
1.069000000000000000e+03
5.170000000000000000e+02
-1.030000000000000000e+02
-4.740000000000000000e+02
-1.090000000000000000e+03
-1.705000000000000000e+03
-1.191000000000000000e+03
-1.471000000000000000e+03
-1.678000000000000000e+03
-1.083000000000000000e+03
-1.419000000000000000e+03
-2.152000000000000000e+03
-3.065000000000000000e+03
-4.650000000000000000e+03
-5.259000000000000000e+03
-5.276000000000000000e+03
-5.925000000000000000e+03
-6.175000000000000000e+03
-6.276000000000000000e+03
-5.978000000000000000e+03
-4.336000000000000000e+03
-3.215000000000000000e+03
-2.899000000000000000e+03
-2.497000000000000000e+03
-3.006000000000000000e+03
-2.457000000000000000e+03
-1.551000000000000000e+03
-2.722000000000000000e+03
-3.437000000000000000e+03
-2.514000000000000000e+03
-1.534000000000000000e+03
-7.350000000000000000e+02
-1.570000000000000000e+02
5.600000000000000000e+01
8.600000000000000000e+02
7.070000000000000000e+02
-5.220000000000000000e+02
-1.513000000000000000e+03
-2.851000000000000000e+03
-3.071000000000000000e+03
-2.853000000000000000e+03
-4.007000000000000000e+03
-4.292000000000000000e+03
-2.668000000000000000e+03
-8.580000000000000000e+02
1.820000000000000000e+02
-1.350000000000000000e+02
-6.050000000000000000e+02
2.510000000000000000e+02
1.425000000000000000e+03
2.348000000000000000e+03
1.943000000000000000e+03
2.980000000000000000e+02
2.300000000000000000e+01
7.300000000000000000e+02
1.230000000000000000e+03
1.814000000000000000e+03
1.299000000000000000e+03
1.400000000000000000e+01
-5.540000000000000000e+02
-1.162000000000000000e+03
-1.663000000000000000e+03
-2.235000000000000000e+03
-3.568000000000000000e+03
-4.926000000000000000e+03
-5.914000000000000000e+03
-5.745000000000000000e+03
-5.232000000000000000e+03
-6.068000000000000000e+03
-7.482000000000000000e+03
-7.451000000000000000e+03
-6.235000000000000000e+03
-5.434000000000000000e+03
-4.463000000000000000e+03
-3.488000000000000000e+03
-3.215000000000000000e+03
-2.842000000000000000e+03
-2.166000000000000000e+03
-1.938000000000000000e+03
-1.355000000000000000e+03
5.960000000000000000e+02
1.815000000000000000e+03
1.825000000000000000e+03
2.090000000000000000e+03
2.178000000000000000e+03
2.343000000000000000e+03
2.670000000000000000e+03
2.429000000000000000e+03
2.347000000000000000e+03
3.128000000000000000e+03
4.574000000000000000e+03
5.914000000000000000e+03
6.555000000000000000e+03
6.826000000000000000e+03
7.518000000000000000e+03
8.755000000000000000e+03
9.438000000000000000e+03
8.972000000000000000e+03
7.847000000000000000e+03
7.182000000000000000e+03
6.644000000000000000e+03
6.663000000000000000e+03
7.332000000000000000e+03
5.946000000000000000e+03
4.467000000000000000e+03
4.670000000000000000e+03
5.458000000000000000e+03
6.419000000000000000e+03
5.730000000000000000e+03
4.271000000000000000e+03
4.283000000000000000e+03
5.273000000000000000e+03
5.538000000000000000e+03
4.758000000000000000e+03
3.476000000000000000e+03
1.821000000000000000e+03
1.235000000000000000e+03
1.137000000000000000e+03
-1.870000000000000000e+02
-1.123000000000000000e+03
-1.676000000000000000e+03
-2.431000000000000000e+03
-2.314000000000000000e+03
-2.318000000000000000e+03
-2.042000000000000000e+03
-1.437000000000000000e+03
-1.763000000000000000e+03
-1.561000000000000000e+03
-1.292000000000000000e+03
-2.243000000000000000e+03
-3.291000000000000000e+03
-4.049000000000000000e+03
-3.861000000000000000e+03
-3.011000000000000000e+03
-3.621000000000000000e+03
-5.024000000000000000e+03
-5.385000000000000000e+03
-5.598000000000000000e+03
-6.081000000000000000e+03
-5.710000000000000000e+03
-6.369000000000000000e+03
-7.098000000000000000e+03
-5.276000000000000000e+03
-4.031000000000000000e+03
-4.091000000000000000e+03
-3.886000000000000000e+03
-3.437000000000000000e+03
-2.222000000000000000e+03
-1.303000000000000000e+03
-1.421000000000000000e+03
-1.238000000000000000e+03
-1.031000000000000000e+03
-8.940000000000000000e+02
-1.400000000000000000e+03
-2.436000000000000000e+03
-1.668000000000000000e+03
-1.077000000000000000e+03
-1.779000000000000000e+03
-2.228000000000000000e+03
-2.266000000000000000e+03
-1.310000000000000000e+03
-1.200000000000000000e+01
5.530000000000000000e+02
6.970000000000000000e+02
1.305000000000000000e+03
3.148000000000000000e+03
4.281000000000000000e+03
3.600000000000000000e+03
2.915000000000000000e+03
2.019000000000000000e+03
1.993000000000000000e+03
2.282000000000000000e+03
4.680000000000000000e+02
-3.460000000000000000e+02
4.160000000000000000e+02
7.610000000000000000e+02
1.231000000000000000e+03
2.290000000000000000e+02
-1.059000000000000000e+03
-6.580000000000000000e+02
-1.090000000000000000e+02
7.420000000000000000e+02
1.136000000000000000e+03
6.850000000000000000e+02
8.720000000000000000e+02
1.773000000000000000e+03
2.684000000000000000e+03
2.758000000000000000e+03
2.080000000000000000e+03
1.598000000000000000e+03
1.189000000000000000e+03
7.530000000000000000e+02
5.600000000000000000e+02
4.100000000000000000e+01
-6.370000000000000000e+02
-1.184000000000000000e+03
-2.218000000000000000e+03
-3.100000000000000000e+03
-3.146000000000000000e+03
-2.625000000000000000e+03
-1.638000000000000000e+03
-7.800000000000000000e+02
3.600000000000000000e+01
9.360000000000000000e+02
2.174000000000000000e+03
3.751000000000000000e+03
4.300000000000000000e+03
3.590000000000000000e+03
2.903000000000000000e+03
2.353000000000000000e+03
1.028000000000000000e+03
2.930000000000000000e+02
-1.360000000000000000e+02
-7.350000000000000000e+02
-6.120000000000000000e+02
-1.167000000000000000e+03
-2.016000000000000000e+03
-2.388000000000000000e+03
-2.801000000000000000e+03
-2.738000000000000000e+03
-2.042000000000000000e+03
-1.499000000000000000e+03
-1.369000000000000000e+03
-8.420000000000000000e+02
2.250000000000000000e+02
1.167000000000000000e+03
1.929000000000000000e+03
1.449000000000000000e+03
2.210000000000000000e+02
-1.610000000000000000e+02
-5.850000000000000000e+02
-6.300000000000000000e+02
-7.100000000000000000e+01
-2.590000000000000000e+02
-1.249000000000000000e+03
-1.512000000000000000e+03
-9.150000000000000000e+02
-4.180000000000000000e+02
-2.800000000000000000e+01
-2.010000000000000000e+02
-9.730000000000000000e+02
-1.296000000000000000e+03
-7.770000000000000000e+02
-4.180000000000000000e+02
-2.170000000000000000e+02
2.600000000000000000e+02
1.180000000000000000e+02
-2.750000000000000000e+02
-2.580000000000000000e+02
-2.890000000000000000e+02
1.800000000000000000e+01
-3.300000000000000000e+01
-5.070000000000000000e+02
-1.444000000000000000e+03
-2.616000000000000000e+03
-1.882000000000000000e+03
-1.270000000000000000e+03
-1.343000000000000000e+03
-1.300000000000000000e+01
2.310000000000000000e+02
3.400000000000000000e+01
1.240000000000000000e+03
1.697000000000000000e+03
2.437000000000000000e+03
3.155000000000000000e+03
2.626000000000000000e+03
2.939000000000000000e+03
3.530000000000000000e+03
3.322000000000000000e+03
3.668000000000000000e+03
3.931000000000000000e+03
3.552000000000000000e+03
3.807000000000000000e+03
3.201000000000000000e+03
1.994000000000000000e+03
1.805000000000000000e+03
1.428000000000000000e+03
7.850000000000000000e+02
1.260000000000000000e+02
-1.629000000000000000e+03
-2.499000000000000000e+03
-1.255000000000000000e+03
-4.310000000000000000e+02
3.800000000000000000e+02
4.560000000000000000e+02
-7.060000000000000000e+02
-9.900000000000000000e+01
6.900000000000000000e+02
4.000000000000000000e+02
6.100000000000000000e+02
-1.390000000000000000e+02
-1.218000000000000000e+03
-1.067000000000000000e+03
-9.520000000000000000e+02
-5.590000000000000000e+02
-3.390000000000000000e+02
-1.202000000000000000e+03
-1.121000000000000000e+03
-4.750000000000000000e+02
-9.320000000000000000e+02
-1.038000000000000000e+03
-1.020000000000000000e+03
-1.609000000000000000e+03
-1.582000000000000000e+03
-1.663000000000000000e+03
-1.523000000000000000e+03
-3.690000000000000000e+02
1.520000000000000000e+02
2.160000000000000000e+02
-3.590000000000000000e+02
-1.089000000000000000e+03
3.000000000000000000e+00
1.031000000000000000e+03
8.930000000000000000e+02
7.340000000000000000e+02
5.530000000000000000e+02
8.800000000000000000e+02
1.842000000000000000e+03
2.333000000000000000e+03
2.545000000000000000e+03
2.769000000000000000e+03
2.485000000000000000e+03
1.638000000000000000e+03
9.380000000000000000e+02
5.700000000000000000e+02
7.500000000000000000e+01
5.000000000000000000e+02
9.430000000000000000e+02
-2.600000000000000000e+01
-2.620000000000000000e+02
3.500000000000000000e+01
9.560000000000000000e+02
3.143000000000000000e+03
3.066000000000000000e+03
6.180000000000000000e+02
-1.318000000000000000e+03
-6.620000000000000000e+02
1.464000000000000000e+03
1.609000000000000000e+03
-1.042000000000000000e+03
-3.334000000000000000e+03
-2.102000000000000000e+03
9.000000000000000000e+00
8.600000000000000000e+02
-7.770000000000000000e+02
-2.467000000000000000e+03
-5.530000000000000000e+02
8.220000000000000000e+02
-8.100000000000000000e+01
-1.185000000000000000e+03
-1.444000000000000000e+03
-1.950000000000000000e+02
5.330000000000000000e+02
-1.533000000000000000e+03
-3.500000000000000000e+03
-2.601000000000000000e+03
-8.780000000000000000e+02
-2.350000000000000000e+02
-7.490000000000000000e+02
-1.746000000000000000e+03
-5.000000000000000000e+02
2.666000000000000000e+03
3.953000000000000000e+03
4.283000000000000000e+03
4.051000000000000000e+03
3.044000000000000000e+03
3.086000000000000000e+03
3.658000000000000000e+03
3.235000000000000000e+03
2.259000000000000000e+03
1.410000000000000000e+03
2.210000000000000000e+02
6.520000000000000000e+02
6.210000000000000000e+02
-6.000000000000000000e+02
-5.000000000000000000e+02
-1.655000000000000000e+03
-1.618000000000000000e+03
-1.829000000000000000e+03
-4.333000000000000000e+03
-3.972000000000000000e+03
-2.929000000000000000e+03
-2.388000000000000000e+03
-2.203000000000000000e+03
-3.524000000000000000e+03
-3.870000000000000000e+03
-2.208000000000000000e+03
-8.770000000000000000e+02
-1.138000000000000000e+03
-1.933000000000000000e+03
-3.527000000000000000e+03
-4.088000000000000000e+03
-4.022000000000000000e+03
-4.871000000000000000e+03
-4.822000000000000000e+03
-5.109000000000000000e+03
-6.632000000000000000e+03
-7.001000000000000000e+03
-6.411000000000000000e+03
-5.586000000000000000e+03
-4.405000000000000000e+03
-4.195000000000000000e+03
-4.517000000000000000e+03
-4.372000000000000000e+03
-4.236000000000000000e+03
-4.055000000000000000e+03
-2.927000000000000000e+03
-1.905000000000000000e+03
-1.252000000000000000e+03
-4.020000000000000000e+02
3.750000000000000000e+02
1.655000000000000000e+03
2.599000000000000000e+03
3.302000000000000000e+03
3.826000000000000000e+03
3.503000000000000000e+03
3.367000000000000000e+03
3.632000000000000000e+03
4.382000000000000000e+03
5.294000000000000000e+03
5.375000000000000000e+03
4.685000000000000000e+03
4.390000000000000000e+03
5.272000000000000000e+03
6.168000000000000000e+03
6.693000000000000000e+03
6.358000000000000000e+03
5.453000000000000000e+03
5.693000000000000000e+03
6.092000000000000000e+03
5.907000000000000000e+03
5.554000000000000000e+03
5.121000000000000000e+03
5.206000000000000000e+03
4.961000000000000000e+03
3.784000000000000000e+03
3.428000000000000000e+03
3.703000000000000000e+03
3.859000000000000000e+03
3.831000000000000000e+03
3.118000000000000000e+03
2.618000000000000000e+03
2.864000000000000000e+03
2.635000000000000000e+03
1.788000000000000000e+03
1.245000000000000000e+03
4.780000000000000000e+02
-1.610000000000000000e+02
-8.540000000000000000e+02
-2.076000000000000000e+03
-2.581000000000000000e+03
-2.624000000000000000e+03
-2.459000000000000000e+03
-2.322000000000000000e+03
-2.917000000000000000e+03
-2.887000000000000000e+03
-2.149000000000000000e+03
-1.622000000000000000e+03
-1.412000000000000000e+03
-2.239000000000000000e+03
-3.405000000000000000e+03
-3.236000000000000000e+03
-2.778000000000000000e+03
-2.791000000000000000e+03
-2.595000000000000000e+03
-2.900000000000000000e+03
-3.186000000000000000e+03
-2.804000000000000000e+03
-2.467000000000000000e+03
-2.412000000000000000e+03
-2.094000000000000000e+03
-2.332000000000000000e+03
-2.598000000000000000e+03
-2.032000000000000000e+03
-2.306000000000000000e+03
-2.179000000000000000e+03
-1.899000000000000000e+03
-2.136000000000000000e+03
-1.582000000000000000e+03
-1.486000000000000000e+03
-1.099000000000000000e+03
-3.850000000000000000e+02
-3.090000000000000000e+02
-3.350000000000000000e+02
-5.340000000000000000e+02
-4.660000000000000000e+02
-4.820000000000000000e+02
-1.480000000000000000e+02
2.290000000000000000e+02
2.980000000000000000e+02
7.260000000000000000e+02
3.750000000000000000e+02
-2.770000000000000000e+02
-1.050000000000000000e+02
6.840000000000000000e+02
1.106000000000000000e+03
9.860000000000000000e+02
4.520000000000000000e+02
-4.100000000000000000e+02
-2.000000000000000000e+00
5.730000000000000000e+02
1.520000000000000000e+02
-2.580000000000000000e+02
-8.250000000000000000e+02
-8.730000000000000000e+02
-3.900000000000000000e+02
-1.400000000000000000e+02
-2.400000000000000000e+01
1.710000000000000000e+02
5.040000000000000000e+02
6.740000000000000000e+02
1.368000000000000000e+03
1.800000000000000000e+03
1.600000000000000000e+03
1.745000000000000000e+03
1.309000000000000000e+03
8.710000000000000000e+02
9.100000000000000000e+02
8.870000000000000000e+02
1.217000000000000000e+03
1.503000000000000000e+03
1.805000000000000000e+03
2.347000000000000000e+03
2.562000000000000000e+03
2.619000000000000000e+03
2.746000000000000000e+03
2.736000000000000000e+03
2.830000000000000000e+03
2.760000000000000000e+03
2.210000000000000000e+03
1.966000000000000000e+03
2.250000000000000000e+03
2.671000000000000000e+03
3.107000000000000000e+03
3.123000000000000000e+03
2.903000000000000000e+03
3.190000000000000000e+03
3.421000000000000000e+03
3.188000000000000000e+03
2.583000000000000000e+03
1.722000000000000000e+03
1.301000000000000000e+03
1.369000000000000000e+03
1.496000000000000000e+03
1.318000000000000000e+03
1.031000000000000000e+03
1.172000000000000000e+03
9.620000000000000000e+02
2.570000000000000000e+02
-9.000000000000000000e+01
-6.320000000000000000e+02
-1.413000000000000000e+03
-1.784000000000000000e+03
-2.387000000000000000e+03
-3.117000000000000000e+03
-3.035000000000000000e+03
-3.287000000000000000e+03
-3.802000000000000000e+03
-3.885000000000000000e+03
-4.594000000000000000e+03
-4.977000000000000000e+03
-5.026000000000000000e+03
-5.288000000000000000e+03
-5.258000000000000000e+03
-5.569000000000000000e+03
-5.839000000000000000e+03
-5.869000000000000000e+03
-5.497000000000000000e+03
-4.818000000000000000e+03
-4.421000000000000000e+03
-3.827000000000000000e+03
-3.098000000000000000e+03
-2.797000000000000000e+03
-2.911000000000000000e+03
-2.669000000000000000e+03
-2.319000000000000000e+03
-2.301000000000000000e+03
-1.666000000000000000e+03
-1.014000000000000000e+03
-6.540000000000000000e+02
1.070000000000000000e+02
4.560000000000000000e+02
6.430000000000000000e+02
1.159000000000000000e+03
1.565000000000000000e+03
1.725000000000000000e+03
1.788000000000000000e+03
1.888000000000000000e+03
1.730000000000000000e+03
1.847000000000000000e+03
1.951000000000000000e+03
1.674000000000000000e+03
1.617000000000000000e+03
1.444000000000000000e+03
1.295000000000000000e+03
1.295000000000000000e+03
1.438000000000000000e+03
1.592000000000000000e+03
1.460000000000000000e+03
1.645000000000000000e+03
1.969000000000000000e+03
2.174000000000000000e+03
2.370000000000000000e+03
2.176000000000000000e+03
1.714000000000000000e+03
1.743000000000000000e+03
1.780000000000000000e+03
1.115000000000000000e+03
1.033000000000000000e+03
8.910000000000000000e+02
2.720000000000000000e+02
5.300000000000000000e+01
-6.060000000000000000e+02
-7.240000000000000000e+02
-7.990000000000000000e+02
-1.194000000000000000e+03
-1.083000000000000000e+03
-1.435000000000000000e+03
-1.593000000000000000e+03
-1.518000000000000000e+03
-1.412000000000000000e+03
-1.381000000000000000e+03
-1.374000000000000000e+03
-1.167000000000000000e+03
-1.183000000000000000e+03
-4.020000000000000000e+02
-1.240000000000000000e+02
-2.890000000000000000e+02
2.160000000000000000e+02
3.130000000000000000e+02
9.670000000000000000e+02
1.590000000000000000e+03
1.521000000000000000e+03
1.390000000000000000e+03
1.286000000000000000e+03
1.284000000000000000e+03
1.343000000000000000e+03
1.745000000000000000e+03
1.709000000000000000e+03
1.634000000000000000e+03
1.951000000000000000e+03
2.213000000000000000e+03
2.676000000000000000e+03
3.059000000000000000e+03
3.355000000000000000e+03
3.424000000000000000e+03
3.281000000000000000e+03
3.052000000000000000e+03
2.699000000000000000e+03
2.587000000000000000e+03
2.491000000000000000e+03
2.376000000000000000e+03
2.321000000000000000e+03
2.234000000000000000e+03
2.461000000000000000e+03
2.644000000000000000e+03
2.310000000000000000e+03
2.016000000000000000e+03
1.882000000000000000e+03
1.609000000000000000e+03
1.554000000000000000e+03
1.358000000000000000e+03
8.110000000000000000e+02
4.270000000000000000e+02
-2.050000000000000000e+02
-7.490000000000000000e+02
-8.830000000000000000e+02
-1.200000000000000000e+03
-1.178000000000000000e+03
-1.122000000000000000e+03
-1.589000000000000000e+03
-1.777000000000000000e+03
-1.850000000000000000e+03
-2.115000000000000000e+03
-2.354000000000000000e+03
-2.807000000000000000e+03
-3.170000000000000000e+03
-3.197000000000000000e+03
-3.284000000000000000e+03
-3.515000000000000000e+03
-3.575000000000000000e+03
-3.475000000000000000e+03
-3.347000000000000000e+03
-3.170000000000000000e+03
-3.294000000000000000e+03
-3.455000000000000000e+03
-3.336000000000000000e+03
-3.255000000000000000e+03
-3.255000000000000000e+03
-3.251000000000000000e+03
-3.054000000000000000e+03
-2.843000000000000000e+03
-2.653000000000000000e+03
-2.340000000000000000e+03
-2.148000000000000000e+03
-1.928000000000000000e+03
-1.592000000000000000e+03
-1.371000000000000000e+03
-1.292000000000000000e+03
-1.114000000000000000e+03
-8.610000000000000000e+02
-7.550000000000000000e+02
-6.300000000000000000e+02
-6.340000000000000000e+02
-6.190000000000000000e+02
-1.150000000000000000e+02
3.890000000000000000e+02
5.990000000000000000e+02
8.200000000000000000e+02
1.078000000000000000e+03
1.189000000000000000e+03
1.193000000000000000e+03
1.248000000000000000e+03
1.205000000000000000e+03
1.025000000000000000e+03
8.130000000000000000e+02
5.280000000000000000e+02
3.270000000000000000e+02
3.640000000000000000e+02
4.140000000000000000e+02
4.620000000000000000e+02
6.580000000000000000e+02
5.490000000000000000e+02
3.380000000000000000e+02
5.430000000000000000e+02
4.590000000000000000e+02
1.760000000000000000e+02
2.050000000000000000e+02
6.900000000000000000e+01
-7.000000000000000000e+01
-8.000000000000000000e+00
-4.500000000000000000e+01
-2.800000000000000000e+01
-1.300000000000000000e+01
-6.800000000000000000e+01
6.900000000000000000e+01
2.920000000000000000e+02
3.850000000000000000e+02
4.420000000000000000e+02
5.320000000000000000e+02
6.430000000000000000e+02
7.920000000000000000e+02
8.760000000000000000e+02
1.041000000000000000e+03
1.019000000000000000e+03
7.210000000000000000e+02
7.240000000000000000e+02
7.580000000000000000e+02
7.860000000000000000e+02
8.590000000000000000e+02
7.350000000000000000e+02
7.600000000000000000e+02
1.033000000000000000e+03
1.212000000000000000e+03
1.147000000000000000e+03
1.183000000000000000e+03
1.104000000000000000e+03
8.540000000000000000e+02
1.065000000000000000e+03
1.386000000000000000e+03
1.460000000000000000e+03
1.390000000000000000e+03
1.219000000000000000e+03
1.062000000000000000e+03
1.068000000000000000e+03
1.188000000000000000e+03
1.077000000000000000e+03
9.790000000000000000e+02
8.380000000000000000e+02
7.340000000000000000e+02
9.630000000000000000e+02
9.860000000000000000e+02
8.830000000000000000e+02
8.490000000000000000e+02
9.120000000000000000e+02
1.007000000000000000e+03
8.410000000000000000e+02
6.630000000000000000e+02
5.270000000000000000e+02
3.240000000000000000e+02
1.760000000000000000e+02
1.620000000000000000e+02
1.250000000000000000e+02
1.040000000000000000e+02
1.470000000000000000e+02
7.100000000000000000e+01
9.100000000000000000e+01
1.010000000000000000e+02
-9.300000000000000000e+01
-1.680000000000000000e+02
-1.790000000000000000e+02
-3.920000000000000000e+02
-6.650000000000000000e+02
-7.410000000000000000e+02
-6.180000000000000000e+02
-5.900000000000000000e+02
-5.800000000000000000e+02
-4.630000000000000000e+02
-4.590000000000000000e+02
-4.840000000000000000e+02
-4.660000000000000000e+02
-3.640000000000000000e+02
-2.430000000000000000e+02
-4.010000000000000000e+02
-5.010000000000000000e+02
-2.150000000000000000e+02
-1.130000000000000000e+02
-3.460000000000000000e+02
-3.140000000000000000e+02
-1.460000000000000000e+02
2.200000000000000000e+01
8.000000000000000000e+01
-2.210000000000000000e+02
-4.890000000000000000e+02
-6.700000000000000000e+02
-7.800000000000000000e+02
-8.150000000000000000e+02
-9.370000000000000000e+02
-9.310000000000000000e+02
-8.420000000000000000e+02
-7.340000000000000000e+02
-6.510000000000000000e+02
-6.960000000000000000e+02
-6.770000000000000000e+02
-5.080000000000000000e+02
-5.110000000000000000e+02
-6.650000000000000000e+02
-6.610000000000000000e+02
-6.340000000000000000e+02
-6.320000000000000000e+02
-8.040000000000000000e+02
-9.240000000000000000e+02
-8.210000000000000000e+02
-8.400000000000000000e+02
-8.730000000000000000e+02
-8.630000000000000000e+02
-8.230000000000000000e+02
-8.050000000000000000e+02
-9.660000000000000000e+02
-1.119000000000000000e+03
-1.172000000000000000e+03
-1.318000000000000000e+03
-1.465000000000000000e+03
-1.507000000000000000e+03
-1.581000000000000000e+03
-1.507000000000000000e+03
-1.336000000000000000e+03
-1.299000000000000000e+03
-1.266000000000000000e+03
-1.255000000000000000e+03
-1.168000000000000000e+03
-9.270000000000000000e+02
-9.230000000000000000e+02
-1.003000000000000000e+03
-9.730000000000000000e+02
-8.290000000000000000e+02
-5.690000000000000000e+02
-5.390000000000000000e+02
-5.960000000000000000e+02
-4.970000000000000000e+02
-3.740000000000000000e+02
-3.040000000000000000e+02
-2.520000000000000000e+02
-2.030000000000000000e+02
-1.160000000000000000e+02
-1.800000000000000000e+01
-3.500000000000000000e+01
6.700000000000000000e+01
3.830000000000000000e+02
4.740000000000000000e+02
4.240000000000000000e+02
5.270000000000000000e+02
6.080000000000000000e+02
8.320000000000000000e+02
1.162000000000000000e+03
1.090000000000000000e+03
9.630000000000000000e+02
1.155000000000000000e+03
1.360000000000000000e+03
1.534000000000000000e+03
1.697000000000000000e+03
1.754000000000000000e+03
1.807000000000000000e+03
1.798000000000000000e+03
1.646000000000000000e+03
1.542000000000000000e+03
1.603000000000000000e+03
1.688000000000000000e+03
1.566000000000000000e+03
1.369000000000000000e+03
1.405000000000000000e+03
1.510000000000000000e+03
1.618000000000000000e+03
1.856000000000000000e+03
1.804000000000000000e+03
1.715000000000000000e+03
1.943000000000000000e+03
1.845000000000000000e+03
1.710000000000000000e+03
1.787000000000000000e+03
1.560000000000000000e+03
1.389000000000000000e+03
1.365000000000000000e+03
1.227000000000000000e+03
1.277000000000000000e+03
1.291000000000000000e+03
9.920000000000000000e+02
7.100000000000000000e+02
6.550000000000000000e+02
6.240000000000000000e+02
5.250000000000000000e+02
3.990000000000000000e+02
1.220000000000000000e+02
-2.080000000000000000e+02
-3.350000000000000000e+02
-4.280000000000000000e+02
-5.800000000000000000e+02
-6.370000000000000000e+02
-7.120000000000000000e+02
-8.450000000000000000e+02
-7.800000000000000000e+02
-6.970000000000000000e+02
-9.570000000000000000e+02
-1.162000000000000000e+03
-1.173000000000000000e+03
-1.156000000000000000e+03
-1.045000000000000000e+03
-9.820000000000000000e+02
-9.790000000000000000e+02
-9.470000000000000000e+02
-9.780000000000000000e+02
-1.026000000000000000e+03
-1.026000000000000000e+03
-9.820000000000000000e+02
-1.008000000000000000e+03
-1.141000000000000000e+03
-1.183000000000000000e+03
-1.244000000000000000e+03
-1.423000000000000000e+03
-1.445000000000000000e+03
-1.313000000000000000e+03
-1.202000000000000000e+03
-1.059000000000000000e+03
-8.400000000000000000e+02
-7.040000000000000000e+02
-7.040000000000000000e+02
-6.660000000000000000e+02
-6.160000000000000000e+02
-5.120000000000000000e+02
-3.900000000000000000e+02
-5.170000000000000000e+02
-5.910000000000000000e+02
-4.870000000000000000e+02
-5.580000000000000000e+02
-5.970000000000000000e+02
-4.910000000000000000e+02
-4.920000000000000000e+02
-5.180000000000000000e+02
-4.990000000000000000e+02
-4.860000000000000000e+02
-4.630000000000000000e+02
-4.850000000000000000e+02
-5.180000000000000000e+02
-4.590000000000000000e+02
-3.510000000000000000e+02
-3.390000000000000000e+02
-4.630000000000000000e+02
-5.450000000000000000e+02
-5.630000000000000000e+02
-5.490000000000000000e+02
-4.550000000000000000e+02
-4.160000000000000000e+02
-4.370000000000000000e+02
-4.310000000000000000e+02
-3.000000000000000000e+02
-9.900000000000000000e+01
-1.580000000000000000e+02
-2.830000000000000000e+02
-2.200000000000000000e+02
-2.430000000000000000e+02
-2.560000000000000000e+02
-1.410000000000000000e+02
-1.670000000000000000e+02
-2.750000000000000000e+02
-4.180000000000000000e+02
-6.230000000000000000e+02
-5.710000000000000000e+02
-4.100000000000000000e+02
-4.910000000000000000e+02
-5.530000000000000000e+02
-4.360000000000000000e+02
-1.670000000000000000e+02
2.150000000000000000e+02
3.800000000000000000e+02
3.570000000000000000e+02
4.540000000000000000e+02
5.540000000000000000e+02
5.990000000000000000e+02
6.370000000000000000e+02
5.700000000000000000e+02
5.250000000000000000e+02
5.170000000000000000e+02
5.380000000000000000e+02
6.450000000000000000e+02
6.630000000000000000e+02
7.450000000000000000e+02
9.250000000000000000e+02
9.150000000000000000e+02
8.110000000000000000e+02
7.700000000000000000e+02
8.130000000000000000e+02
8.560000000000000000e+02
7.960000000000000000e+02
6.410000000000000000e+02
6.110000000000000000e+02
7.550000000000000000e+02
8.300000000000000000e+02
9.470000000000000000e+02
1.069000000000000000e+03
1.056000000000000000e+03
1.021000000000000000e+03
9.030000000000000000e+02
8.250000000000000000e+02
8.670000000000000000e+02
9.990000000000000000e+02
1.102000000000000000e+03
9.610000000000000000e+02
8.460000000000000000e+02
9.220000000000000000e+02
1.036000000000000000e+03
1.095000000000000000e+03
1.000000000000000000e+03
7.750000000000000000e+02
6.210000000000000000e+02
5.800000000000000000e+02
4.430000000000000000e+02
2.780000000000000000e+02
1.550000000000000000e+02
5.600000000000000000e+01
4.300000000000000000e+01
1.000000000000000000e+00
1.400000000000000000e+01
1.290000000000000000e+02
1.830000000000000000e+02
1.090000000000000000e+02
-3.400000000000000000e+01
-8.200000000000000000e+01
-5.000000000000000000e+01
2.300000000000000000e+01
1.040000000000000000e+02
5.900000000000000000e+01
-4.100000000000000000e+01
-1.390000000000000000e+02
-2.700000000000000000e+02
-3.990000000000000000e+02
-3.370000000000000000e+02
-2.080000000000000000e+02
-2.110000000000000000e+02
-6.200000000000000000e+01
-2.220000000000000000e+02
-3.990000000000000000e+02
-2.800000000000000000e+02
-5.010000000000000000e+02
-3.140000000000000000e+02
-3.440000000000000000e+02
-6.540000000000000000e+02
-4.520000000000000000e+02
-5.600000000000000000e+02
-4.020000000000000000e+02
-2.000000000000000000e+02
-4.130000000000000000e+02
-4.750000000000000000e+02
-4.940000000000000000e+02
-5.390000000000000000e+02
-5.800000000000000000e+02
-5.630000000000000000e+02
-7.010000000000000000e+02
-7.150000000000000000e+02
-9.160000000000000000e+02
-1.181000000000000000e+03
-8.840000000000000000e+02
-7.660000000000000000e+02
-7.190000000000000000e+02
-9.100000000000000000e+02
-1.087000000000000000e+03
-7.540000000000000000e+02
-7.250000000000000000e+02
-8.780000000000000000e+02
-1.042000000000000000e+03
-1.035000000000000000e+03
-8.210000000000000000e+02
-7.930000000000000000e+02
-8.950000000000000000e+02
-8.910000000000000000e+02
-5.860000000000000000e+02
-4.020000000000000000e+02
-2.840000000000000000e+02
-2.800000000000000000e+02
-3.030000000000000000e+02
1.600000000000000000e+01
9.100000000000000000e+01
-3.600000000000000000e+01
-2.300000000000000000e+02
-2.670000000000000000e+02
-3.700000000000000000e+01
1.300000000000000000e+01
1.600000000000000000e+01
1.600000000000000000e+01
1.150000000000000000e+02
2.610000000000000000e+02
3.750000000000000000e+02
4.490000000000000000e+02
4.530000000000000000e+02
4.890000000000000000e+02
3.820000000000000000e+02
4.690000000000000000e+02
6.390000000000000000e+02
6.480000000000000000e+02
6.710000000000000000e+02
5.710000000000000000e+02
6.530000000000000000e+02
8.880000000000000000e+02
1.029000000000000000e+03
1.066000000000000000e+03
9.810000000000000000e+02
9.350000000000000000e+02
9.620000000000000000e+02
9.150000000000000000e+02
7.920000000000000000e+02
7.450000000000000000e+02
6.810000000000000000e+02
6.280000000000000000e+02
5.950000000000000000e+02
4.030000000000000000e+02
3.670000000000000000e+02
4.610000000000000000e+02
4.100000000000000000e+02
3.690000000000000000e+02
2.650000000000000000e+02
2.030000000000000000e+02
3.050000000000000000e+02
3.550000000000000000e+02
3.500000000000000000e+02
3.060000000000000000e+02
2.140000000000000000e+02
1.980000000000000000e+02
2.120000000000000000e+02
1.940000000000000000e+02
2.360000000000000000e+02
1.970000000000000000e+02
1.340000000000000000e+02
1.500000000000000000e+02
3.000000000000000000e+01
-1.800000000000000000e+01
1.190000000000000000e+02
1.990000000000000000e+02
2.120000000000000000e+02
9.100000000000000000e+01
-9.500000000000000000e+01
-1.050000000000000000e+02
-8.100000000000000000e+01
-1.020000000000000000e+02
-1.090000000000000000e+02
-2.060000000000000000e+02
-2.880000000000000000e+02
-2.400000000000000000e+02
-1.470000000000000000e+02
-8.400000000000000000e+01
-1.110000000000000000e+02
-1.030000000000000000e+02
-5.100000000000000000e+01
-1.200000000000000000e+02
-1.950000000000000000e+02
-2.030000000000000000e+02
-2.100000000000000000e+02
-2.290000000000000000e+02
-2.860000000000000000e+02
-3.120000000000000000e+02
-2.560000000000000000e+02
-2.320000000000000000e+02
-2.410000000000000000e+02
-2.260000000000000000e+02
-2.860000000000000000e+02
-3.540000000000000000e+02
-3.260000000000000000e+02
-3.050000000000000000e+02
-3.120000000000000000e+02
-2.750000000000000000e+02
-2.450000000000000000e+02
-2.570000000000000000e+02
-2.470000000000000000e+02
-2.140000000000000000e+02
-1.090000000000000000e+02
-7.700000000000000000e+01
-2.240000000000000000e+02
-2.260000000000000000e+02
-1.530000000000000000e+02
-1.630000000000000000e+02
-1.780000000000000000e+02
-2.750000000000000000e+02
-3.210000000000000000e+02
-2.360000000000000000e+02
-1.820000000000000000e+02
-2.480000000000000000e+02
-3.430000000000000000e+02
-3.030000000000000000e+02
-1.740000000000000000e+02
-6.300000000000000000e+01
-2.900000000000000000e+01
-6.300000000000000000e+01
-4.200000000000000000e+01
2.300000000000000000e+01
9.200000000000000000e+01
1.560000000000000000e+02
1.290000000000000000e+02
1.260000000000000000e+02
2.180000000000000000e+02
2.530000000000000000e+02
2.100000000000000000e+02
2.340000000000000000e+02
3.100000000000000000e+02
2.920000000000000000e+02
2.510000000000000000e+02
9.900000000000000000e+01
-1.500000000000000000e+01
9.300000000000000000e+01
0.000000000000000000e+00
-1.070000000000000000e+02
-7.300000000000000000e+01
-1.520000000000000000e+02
-6.700000000000000000e+01
-1.900000000000000000e+01
-1.210000000000000000e+02
-7.700000000000000000e+01
-1.050000000000000000e+02
-1.900000000000000000e+02
-1.690000000000000000e+02
-2.250000000000000000e+02
-2.910000000000000000e+02
-2.890000000000000000e+02
-3.210000000000000000e+02
-2.740000000000000000e+02
-1.150000000000000000e+02
-2.600000000000000000e+01
-3.900000000000000000e+01
-1.130000000000000000e+02
-9.700000000000000000e+01
2.300000000000000000e+01
3.600000000000000000e+01
-6.600000000000000000e+01
-1.660000000000000000e+02
-1.160000000000000000e+02
-1.400000000000000000e+01
-3.000000000000000000e+01
-5.400000000000000000e+01
-1.800000000000000000e+01
5.100000000000000000e+01
1.240000000000000000e+02
1.340000000000000000e+02
4.500000000000000000e+01
-1.800000000000000000e+01
-1.900000000000000000e+01
2.000000000000000000e+00
9.400000000000000000e+01
1.300000000000000000e+02
1.750000000000000000e+02
2.950000000000000000e+02
3.100000000000000000e+02
2.680000000000000000e+02
2.020000000000000000e+02
1.360000000000000000e+02
1.520000000000000000e+02
1.590000000000000000e+02
1.340000000000000000e+02
1.030000000000000000e+02
1.220000000000000000e+02
1.830000000000000000e+02
2.440000000000000000e+02
2.970000000000000000e+02
3.480000000000000000e+02
3.750000000000000000e+02
3.580000000000000000e+02
4.080000000000000000e+02
4.580000000000000000e+02
4.200000000000000000e+02
3.470000000000000000e+02
2.670000000000000000e+02
2.470000000000000000e+02
2.550000000000000000e+02
2.160000000000000000e+02
1.890000000000000000e+02
2.120000000000000000e+02
2.030000000000000000e+02
2.050000000000000000e+02
1.760000000000000000e+02
5.700000000000000000e+01
-7.000000000000000000e+00
-7.800000000000000000e+01
-1.450000000000000000e+02
-1.570000000000000000e+02
-1.630000000000000000e+02
-1.090000000000000000e+02
-9.900000000000000000e+01
-1.400000000000000000e+02
-1.020000000000000000e+02
-9.000000000000000000e+00
8.100000000000000000e+01
9.300000000000000000e+01
4.400000000000000000e+01
3.300000000000000000e+01
5.900000000000000000e+01
8.100000000000000000e+01
1.030000000000000000e+02
9.800000000000000000e+01
6.600000000000000000e+01
4.800000000000000000e+01
5.300000000000000000e+01
6.600000000000000000e+01
3.300000000000000000e+01
9.000000000000000000e+00
1.900000000000000000e+01
-4.000000000000000000e+01
-7.800000000000000000e+01
-5.200000000000000000e+01
-6.300000000000000000e+01
-1.030000000000000000e+02
-1.400000000000000000e+02
-1.740000000000000000e+02
-1.130000000000000000e+02
-2.400000000000000000e+01
-2.500000000000000000e+01
1.200000000000000000e+01
5.600000000000000000e+01
8.200000000000000000e+01
1.020000000000000000e+02
8.500000000000000000e+01
1.300000000000000000e+02
2.070000000000000000e+02
2.070000000000000000e+02
1.650000000000000000e+02
1.410000000000000000e+02
1.070000000000000000e+02
7.800000000000000000e+01
4.900000000000000000e+01
-7.000000000000000000e+00
-2.400000000000000000e+01
-6.000000000000000000e+01
-1.410000000000000000e+02
-1.450000000000000000e+02
-1.180000000000000000e+02
-1.550000000000000000e+02
-1.770000000000000000e+02
-1.740000000000000000e+02
-1.820000000000000000e+02
-1.140000000000000000e+02
-3.300000000000000000e+01
-4.000000000000000000e+01
-8.000000000000000000e+00
5.100000000000000000e+01
6.000000000000000000e+01
3.300000000000000000e+01
9.000000000000000000e+00
6.000000000000000000e+01
9.400000000000000000e+01
5.000000000000000000e+01
-1.900000000000000000e+01
-4.200000000000000000e+01
9.000000000000000000e+00
5.700000000000000000e+01
3.000000000000000000e+01
2.900000000000000000e+01
9.200000000000000000e+01
1.200000000000000000e+02
1.350000000000000000e+02
8.800000000000000000e+01
-2.000000000000000000e+00
7.000000000000000000e+00
5.500000000000000000e+01
5.000000000000000000e+01
1.100000000000000000e+01
-2.500000000000000000e+01
-1.300000000000000000e+01
7.000000000000000000e+00
-1.500000000000000000e+01
-3.500000000000000000e+01
-4.200000000000000000e+01
-1.000000000000000000e+01
2.000000000000000000e+00
-1.800000000000000000e+01
3.900000000000000000e+01
3.300000000000000000e+01
-1.090000000000000000e+02
-2.430000000000000000e+02
-3.260000000000000000e+02
-3.440000000000000000e+02
-3.320000000000000000e+02
-3.730000000000000000e+02
-4.050000000000000000e+02
-3.760000000000000000e+02
-3.650000000000000000e+02
-3.560000000000000000e+02
-3.490000000000000000e+02
-3.140000000000000000e+02
-2.540000000000000000e+02
-2.630000000000000000e+02
-2.900000000000000000e+02
-3.030000000000000000e+02
-2.830000000000000000e+02
-2.360000000000000000e+02
-2.050000000000000000e+02
-1.770000000000000000e+02
-1.310000000000000000e+02
-7.100000000000000000e+01
-3.700000000000000000e+01
-4.400000000000000000e+01
-7.200000000000000000e+01
-7.600000000000000000e+01
-6.700000000000000000e+01
-1.530000000000000000e+02
-2.750000000000000000e+02
-3.380000000000000000e+02
-3.270000000000000000e+02
-2.510000000000000000e+02
-1.880000000000000000e+02
-1.140000000000000000e+02
-3.300000000000000000e+01
4.000000000000000000e+01
1.190000000000000000e+02
1.390000000000000000e+02
1.300000000000000000e+02
9.300000000000000000e+01
3.900000000000000000e+01
6.100000000000000000e+01
1.070000000000000000e+02
1.780000000000000000e+02
2.940000000000000000e+02
3.200000000000000000e+02
3.030000000000000000e+02
3.630000000000000000e+02
4.330000000000000000e+02
4.470000000000000000e+02
4.330000000000000000e+02
4.430000000000000000e+02
4.530000000000000000e+02
4.160000000000000000e+02
3.510000000000000000e+02
2.810000000000000000e+02
2.650000000000000000e+02
2.690000000000000000e+02
2.880000000000000000e+02
3.620000000000000000e+02
3.840000000000000000e+02
3.850000000000000000e+02
4.160000000000000000e+02
4.320000000000000000e+02
4.200000000000000000e+02
3.630000000000000000e+02
3.140000000000000000e+02
3.130000000000000000e+02
3.220000000000000000e+02
3.080000000000000000e+02
2.900000000000000000e+02
3.140000000000000000e+02
3.240000000000000000e+02
2.780000000000000000e+02
2.690000000000000000e+02
3.040000000000000000e+02
2.870000000000000000e+02
2.290000000000000000e+02
1.770000000000000000e+02
1.120000000000000000e+02
3.900000000000000000e+01
-4.000000000000000000e+00
-5.200000000000000000e+01
-8.300000000000000000e+01
-6.800000000000000000e+01
-1.000000000000000000e+02
-9.000000000000000000e+01
-1.500000000000000000e+01
7.000000000000000000e+00
2.000000000000000000e+01
2.500000000000000000e+01
2.300000000000000000e+01
4.000000000000000000e+00
-4.400000000000000000e+01
-8.600000000000000000e+01
-1.350000000000000000e+02
-1.660000000000000000e+02
-1.780000000000000000e+02
-2.320000000000000000e+02
-2.850000000000000000e+02
-2.520000000000000000e+02
-2.160000000000000000e+02
-2.420000000000000000e+02
-2.580000000000000000e+02
-2.990000000000000000e+02
-3.530000000000000000e+02
-3.460000000000000000e+02
-3.720000000000000000e+02
-4.310000000000000000e+02
-4.480000000000000000e+02
-4.750000000000000000e+02
-5.190000000000000000e+02
-4.900000000000000000e+02
-4.220000000000000000e+02
-3.850000000000000000e+02
-3.230000000000000000e+02
-2.820000000000000000e+02
-2.670000000000000000e+02
-2.660000000000000000e+02
-2.890000000000000000e+02
-2.740000000000000000e+02
-2.720000000000000000e+02
-2.980000000000000000e+02
-2.780000000000000000e+02
-2.270000000000000000e+02
-1.980000000000000000e+02
-2.060000000000000000e+02
-2.300000000000000000e+02
-2.100000000000000000e+02
-1.760000000000000000e+02
-1.780000000000000000e+02
-1.620000000000000000e+02
-1.260000000000000000e+02
-1.510000000000000000e+02
-2.080000000000000000e+02
-2.410000000000000000e+02
-1.900000000000000000e+02
-1.050000000000000000e+02
-8.600000000000000000e+01
-9.200000000000000000e+01
-7.400000000000000000e+01
-8.000000000000000000e+00
7.000000000000000000e+01
1.080000000000000000e+02
1.150000000000000000e+02
1.380000000000000000e+02
1.870000000000000000e+02
2.440000000000000000e+02
3.110000000000000000e+02
3.030000000000000000e+02
2.670000000000000000e+02
2.740000000000000000e+02
2.500000000000000000e+02
2.410000000000000000e+02
2.340000000000000000e+02
2.280000000000000000e+02
2.650000000000000000e+02
2.880000000000000000e+02
3.040000000000000000e+02
3.100000000000000000e+02
2.970000000000000000e+02
2.770000000000000000e+02
2.490000000000000000e+02
2.210000000000000000e+02
2.090000000000000000e+02
2.130000000000000000e+02
2.410000000000000000e+02
2.740000000000000000e+02
2.610000000000000000e+02
2.510000000000000000e+02
2.650000000000000000e+02
2.230000000000000000e+02
1.700000000000000000e+02
1.500000000000000000e+02
1.290000000000000000e+02
1.060000000000000000e+02
7.600000000000000000e+01
5.400000000000000000e+01
6.400000000000000000e+01
5.000000000000000000e+01
-1.300000000000000000e+01
-5.700000000000000000e+01
-5.700000000000000000e+01
-4.000000000000000000e+00
4.100000000000000000e+01
4.000000000000000000e+01
2.800000000000000000e+01
-4.000000000000000000e+00
3.000000000000000000e+00
6.500000000000000000e+01
8.200000000000000000e+01
8.700000000000000000e+01
1.190000000000000000e+02
1.560000000000000000e+02
1.950000000000000000e+02
1.820000000000000000e+02
1.280000000000000000e+02
1.030000000000000000e+02
9.700000000000000000e+01
7.500000000000000000e+01
7.000000000000000000e+01
9.300000000000000000e+01
1.010000000000000000e+02
9.400000000000000000e+01
5.600000000000000000e+01
1.400000000000000000e+01
3.500000000000000000e+01
7.500000000000000000e+01
8.500000000000000000e+01
8.500000000000000000e+01
7.300000000000000000e+01
8.000000000000000000e+01
1.240000000000000000e+02
1.450000000000000000e+02
1.200000000000000000e+02
9.300000000000000000e+01
6.400000000000000000e+01
5.400000000000000000e+01
7.300000000000000000e+01
6.900000000000000000e+01
5.900000000000000000e+01
6.900000000000000000e+01
5.000000000000000000e+01
3.200000000000000000e+01
5.000000000000000000e+01
7.000000000000000000e+01
7.600000000000000000e+01
4.400000000000000000e+01
-2.800000000000000000e+01
-6.200000000000000000e+01
-7.200000000000000000e+01
-1.150000000000000000e+02
-1.760000000000000000e+02
-2.200000000000000000e+02
-2.260000000000000000e+02
-2.240000000000000000e+02
-2.140000000000000000e+02
-2.030000000000000000e+02
-1.870000000000000000e+02
-1.710000000000000000e+02
-1.870000000000000000e+02
-2.350000000000000000e+02
-2.730000000000000000e+02
-2.670000000000000000e+02
-2.560000000000000000e+02
-2.740000000000000000e+02
-2.940000000000000000e+02
-2.940000000000000000e+02
-2.450000000000000000e+02
-1.930000000000000000e+02
-2.170000000000000000e+02
-2.930000000000000000e+02
-3.490000000000000000e+02
-3.910000000000000000e+02
-4.250000000000000000e+02
-4.340000000000000000e+02
-4.550000000000000000e+02
-4.690000000000000000e+02
-4.440000000000000000e+02
-4.040000000000000000e+02
-3.480000000000000000e+02
-2.930000000000000000e+02
-2.400000000000000000e+02
-1.930000000000000000e+02
-1.720000000000000000e+02
-1.890000000000000000e+02
-2.090000000000000000e+02
-2.210000000000000000e+02
-2.580000000000000000e+02
-2.860000000000000000e+02
-3.060000000000000000e+02
-2.900000000000000000e+02
-2.300000000000000000e+02
-2.050000000000000000e+02
-1.790000000000000000e+02
-1.500000000000000000e+02
-1.460000000000000000e+02
-1.260000000000000000e+02
-1.160000000000000000e+02
-1.070000000000000000e+02
-7.300000000000000000e+01
-4.700000000000000000e+01
-2.300000000000000000e+01
1.400000000000000000e+01
3.000000000000000000e+01
4.300000000000000000e+01
1.030000000000000000e+02
1.500000000000000000e+02
1.410000000000000000e+02
1.220000000000000000e+02
1.080000000000000000e+02
1.350000000000000000e+02
1.510000000000000000e+02
1.420000000000000000e+02
1.710000000000000000e+02
2.080000000000000000e+02
2.370000000000000000e+02
2.570000000000000000e+02
2.660000000000000000e+02
2.930000000000000000e+02
3.360000000000000000e+02
3.430000000000000000e+02
3.380000000000000000e+02
3.470000000000000000e+02
3.400000000000000000e+02
3.430000000000000000e+02
3.320000000000000000e+02
2.970000000000000000e+02
3.100000000000000000e+02
3.420000000000000000e+02
3.450000000000000000e+02
3.270000000000000000e+02
3.160000000000000000e+02
3.430000000000000000e+02
3.940000000000000000e+02
4.060000000000000000e+02
3.800000000000000000e+02
3.750000000000000000e+02
3.900000000000000000e+02
3.940000000000000000e+02
3.510000000000000000e+02
2.550000000000000000e+02
2.100000000000000000e+02
2.210000000000000000e+02
2.280000000000000000e+02
2.250000000000000000e+02
1.930000000000000000e+02
1.670000000000000000e+02
1.660000000000000000e+02
1.710000000000000000e+02
1.600000000000000000e+02
1.460000000000000000e+02
1.550000000000000000e+02
1.420000000000000000e+02
1.180000000000000000e+02
1.130000000000000000e+02
1.130000000000000000e+02
1.040000000000000000e+02
8.600000000000000000e+01
6.600000000000000000e+01
5.100000000000000000e+01
3.400000000000000000e+01
-1.000000000000000000e+01
-4.600000000000000000e+01
-4.400000000000000000e+01
-3.700000000000000000e+01
-3.700000000000000000e+01
-6.100000000000000000e+01
-8.900000000000000000e+01
-8.400000000000000000e+01
-4.700000000000000000e+01
-4.000000000000000000e+00
6.000000000000000000e+00
-3.000000000000000000e+01
-7.300000000000000000e+01
-8.800000000000000000e+01
-1.070000000000000000e+02
-1.290000000000000000e+02
-1.550000000000000000e+02
-1.820000000000000000e+02
-1.770000000000000000e+02
-1.740000000000000000e+02
-1.680000000000000000e+02
-1.620000000000000000e+02
-1.660000000000000000e+02
-1.580000000000000000e+02
-1.560000000000000000e+02
-1.610000000000000000e+02
-1.500000000000000000e+02
-1.310000000000000000e+02
-1.250000000000000000e+02
-1.390000000000000000e+02
-1.530000000000000000e+02
-1.530000000000000000e+02
-1.320000000000000000e+02
-1.150000000000000000e+02
-1.150000000000000000e+02
-1.270000000000000000e+02
-1.580000000000000000e+02
-1.610000000000000000e+02
-1.470000000000000000e+02
-1.530000000000000000e+02
-1.530000000000000000e+02
-1.430000000000000000e+02
-1.320000000000000000e+02
-1.210000000000000000e+02
-1.140000000000000000e+02
-9.200000000000000000e+01
-5.200000000000000000e+01
-3.100000000000000000e+01
-3.700000000000000000e+01
-4.400000000000000000e+01
-4.400000000000000000e+01
-4.400000000000000000e+01
-5.800000000000000000e+01
-8.900000000000000000e+01
-9.500000000000000000e+01
-8.100000000000000000e+01
-6.600000000000000000e+01
-7.000000000000000000e+01
-8.800000000000000000e+01
-9.900000000000000000e+01
-1.090000000000000000e+02
-1.130000000000000000e+02
-1.020000000000000000e+02
-6.300000000000000000e+01
-1.700000000000000000e+01
1.100000000000000000e+01
1.600000000000000000e+01
0.000000000000000000e+00
-8.000000000000000000e+00
-3.000000000000000000e+00
-2.100000000000000000e+01
-5.100000000000000000e+01
-8.100000000000000000e+01
-8.900000000000000000e+01
-7.600000000000000000e+01
-7.300000000000000000e+01
-7.300000000000000000e+01
-6.300000000000000000e+01
-3.500000000000000000e+01
9.000000000000000000e+00
4.800000000000000000e+01
6.400000000000000000e+01
4.900000000000000000e+01
3.000000000000000000e+01
8.000000000000000000e+00
-4.000000000000000000e+00
7.000000000000000000e+00
1.200000000000000000e+01
7.000000000000000000e+00
2.000000000000000000e+00
1.600000000000000000e+01
5.000000000000000000e+01
8.100000000000000000e+01
8.800000000000000000e+01
7.200000000000000000e+01
5.500000000000000000e+01
4.800000000000000000e+01
4.500000000000000000e+01
4.900000000000000000e+01
5.400000000000000000e+01
5.600000000000000000e+01
6.100000000000000000e+01
7.600000000000000000e+01
8.600000000000000000e+01
7.600000000000000000e+01
7.100000000000000000e+01
7.200000000000000000e+01
7.600000000000000000e+01
7.100000000000000000e+01
4.600000000000000000e+01
2.800000000000000000e+01
4.300000000000000000e+01
6.600000000000000000e+01
6.600000000000000000e+01
6.500000000000000000e+01
7.100000000000000000e+01
8.100000000000000000e+01
1.080000000000000000e+02
1.330000000000000000e+02
1.310000000000000000e+02
1.390000000000000000e+02
1.460000000000000000e+02
1.330000000000000000e+02
1.090000000000000000e+02
8.500000000000000000e+01
6.200000000000000000e+01
4.300000000000000000e+01
2.700000000000000000e+01
1.300000000000000000e+01
1.600000000000000000e+01
2.000000000000000000e+01
2.000000000000000000e+01
2.200000000000000000e+01
3.300000000000000000e+01
5.600000000000000000e+01
7.100000000000000000e+01
7.300000000000000000e+01
6.100000000000000000e+01
4.600000000000000000e+01
5.100000000000000000e+01
4.000000000000000000e+01
3.000000000000000000e+01
3.600000000000000000e+01
4.600000000000000000e+01
6.600000000000000000e+01
8.200000000000000000e+01
7.700000000000000000e+01
7.800000000000000000e+01
8.800000000000000000e+01
8.300000000000000000e+01
7.100000000000000000e+01
6.200000000000000000e+01
5.600000000000000000e+01
5.300000000000000000e+01
5.600000000000000000e+01
5.300000000000000000e+01
4.900000000000000000e+01
4.600000000000000000e+01
4.400000000000000000e+01
3.400000000000000000e+01
3.300000000000000000e+01
3.800000000000000000e+01
3.300000000000000000e+01
3.500000000000000000e+01
3.200000000000000000e+01
2.200000000000000000e+01
1.900000000000000000e+01
1.700000000000000000e+01
9.000000000000000000e+00
1.100000000000000000e+01
1.900000000000000000e+01
2.700000000000000000e+01
3.300000000000000000e+01
2.700000000000000000e+01
1.200000000000000000e+01
7.000000000000000000e+00
3.000000000000000000e+00
3.000000000000000000e+00
1.000000000000000000e+00
-1.000000000000000000e+01
-1.000000000000000000e+01
-9.000000000000000000e+00
-1.700000000000000000e+01
-2.100000000000000000e+01
-2.800000000000000000e+01
-2.600000000000000000e+01
-2.000000000000000000e+01
-1.800000000000000000e+01
-1.400000000000000000e+01
-1.000000000000000000e+01
-1.200000000000000000e+01
-1.300000000000000000e+01
-1.300000000000000000e+01
-1.200000000000000000e+01
-3.000000000000000000e+00
-8.000000000000000000e+00
-1.800000000000000000e+01
-2.300000000000000000e+01
-2.500000000000000000e+01
-2.300000000000000000e+01
-2.300000000000000000e+01
-2.100000000000000000e+01
-2.300000000000000000e+01
-2.300000000000000000e+01
-2.300000000000000000e+01
-1.900000000000000000e+01
-1.900000000000000000e+01
-2.300000000000000000e+01
-2.500000000000000000e+01
-2.600000000000000000e+01
-2.600000000000000000e+01
-2.800000000000000000e+01
-2.800000000000000000e+01
-2.600000000000000000e+01
-2.500000000000000000e+01
-2.400000000000000000e+01
-1.800000000000000000e+01
-1.300000000000000000e+01
-1.000000000000000000e+01
-1.000000000000000000e+01
-1.300000000000000000e+01
-1.000000000000000000e+01
-1.000000000000000000e+01
-1.000000000000000000e+01
-9.000000000000000000e+00
-7.000000000000000000e+00
-5.000000000000000000e+00
-5.000000000000000000e+00
-5.000000000000000000e+00
-4.000000000000000000e+00
-2.000000000000000000e+00
-4.000000000000000000e+00
-4.000000000000000000e+00
-4.000000000000000000e+00
-3.000000000000000000e+00
1.000000000000000000e+00
1.000000000000000000e+00
1.000000000000000000e+00
0.000000000000000000e+00
1.000000000000000000e+00
4.000000000000000000e+00
7.000000000000000000e+00
8.000000000000000000e+00
8.000000000000000000e+00
9.000000000000000000e+00
1.300000000000000000e+01
1.400000000000000000e+01
1.600000000000000000e+01
1.600000000000000000e+01
1.600000000000000000e+01
1.600000000000000000e+01
1.600000000000000000e+01
1.300000000000000000e+01
1.300000000000000000e+01
1.300000000000000000e+01
1.300000000000000000e+01
1.300000000000000000e+01
1.300000000000000000e+01
1.600000000000000000e+01
1.900000000000000000e+01
1.800000000000000000e+01
1.800000000000000000e+01
1.800000000000000000e+01
1.800000000000000000e+01
1.700000000000000000e+01
1.800000000000000000e+01
1.800000000000000000e+01
1.700000000000000000e+01
1.600000000000000000e+01
1.400000000000000000e+01
1.800000000000000000e+01
2.000000000000000000e+01
1.900000000000000000e+01
2.000000000000000000e+01
1.800000000000000000e+01
1.800000000000000000e+01
1.800000000000000000e+01
1.700000000000000000e+01
1.700000000000000000e+01
1.600000000000000000e+01
1.300000000000000000e+01
1.100000000000000000e+01
1.400000000000000000e+01
1.800000000000000000e+01
1.600000000000000000e+01
1.100000000000000000e+01
1.200000000000000000e+01
1.700000000000000000e+01
1.700000000000000000e+01
1.400000000000000000e+01
1.300000000000000000e+01
9.000000000000000000e+00
1.200000000000000000e+01
8.000000000000000000e+00
7.000000000000000000e+00
9.000000000000000000e+00
9.000000000000000000e+00
8.000000000000000000e+00
9.000000000000000000e+00
1.600000000000000000e+01
1.600000000000000000e+01
1.600000000000000000e+01
1.800000000000000000e+01
1.600000000000000000e+01
2.000000000000000000e+01
2.200000000000000000e+01
1.800000000000000000e+01
1.900000000000000000e+01
1.600000000000000000e+01
1.400000000000000000e+01
1.200000000000000000e+01
9.000000000000000000e+00
8.000000000000000000e+00
7.000000000000000000e+00
1.200000000000000000e+01
1.800000000000000000e+01
1.700000000000000000e+01
1.400000000000000000e+01
1.700000000000000000e+01
1.800000000000000000e+01
1.800000000000000000e+01
1.800000000000000000e+01
1.700000000000000000e+01
1.400000000000000000e+01
1.700000000000000000e+01
1.600000000000000000e+01
1.400000000000000000e+01
1.200000000000000000e+01
6.000000000000000000e+00
1.100000000000000000e+01
1.700000000000000000e+01
1.400000000000000000e+01
1.600000000000000000e+01
1.700000000000000000e+01
1.700000000000000000e+01
1.800000000000000000e+01
1.400000000000000000e+01
1.100000000000000000e+01
1.300000000000000000e+01
1.200000000000000000e+01
1.200000000000000000e+01
1.100000000000000000e+01
1.200000000000000000e+01
1.300000000000000000e+01
1.200000000000000000e+01
1.200000000000000000e+01
1.200000000000000000e+01
1.100000000000000000e+01
1.200000000000000000e+01
1.100000000000000000e+01
1.200000000000000000e+01
1.200000000000000000e+01
1.200000000000000000e+01
1.200000000000000000e+01
1.200000000000000000e+01
1.200000000000000000e+01
1.200000000000000000e+01
1.100000000000000000e+01
1.200000000000000000e+01
1.200000000000000000e+01
1.200000000000000000e+01
1.200000000000000000e+01
8.000000000000000000e+00
9.000000000000000000e+00
9.000000000000000000e+00
8.000000000000000000e+00
9.000000000000000000e+00
9.000000000000000000e+00
8.000000000000000000e+00
8.000000000000000000e+00
9.000000000000000000e+00
9.000000000000000000e+00
9.000000000000000000e+00
9.000000000000000000e+00
8.000000000000000000e+00
8.000000000000000000e+00
9.000000000000000000e+00
8.000000000000000000e+00
8.000000000000000000e+00
8.000000000000000000e+00
7.000000000000000000e+00
8.000000000000000000e+00
8.000000000000000000e+00
8.000000000000000000e+00
8.000000000000000000e+00
8.000000000000000000e+00
8.000000000000000000e+00
8.000000000000000000e+00
8.000000000000000000e+00
7.000000000000000000e+00
8.000000000000000000e+00
7.000000000000000000e+00
7.000000000000000000e+00
7.000000000000000000e+00
7.000000000000000000e+00
8.000000000000000000e+00
8.000000000000000000e+00
8.000000000000000000e+00
8.000000000000000000e+00
8.000000000000000000e+00
8.000000000000000000e+00
8.000000000000000000e+00
8.000000000000000000e+00
8.000000000000000000e+00
8.000000000000000000e+00
8.000000000000000000e+00
7.000000000000000000e+00
8.000000000000000000e+00
7.000000000000000000e+00
8.000000000000000000e+00
8.000000000000000000e+00
8.000000000000000000e+00
8.000000000000000000e+00
8.000000000000000000e+00
8.000000000000000000e+00
8.000000000000000000e+00
8.000000000000000000e+00
8.000000000000000000e+00
8.000000000000000000e+00
8.000000000000000000e+00
8.000000000000000000e+00
8.000000000000000000e+00
8.000000000000000000e+00
8.000000000000000000e+00
8.000000000000000000e+00
8.000000000000000000e+00
7.000000000000000000e+00
7.000000000000000000e+00
7.000000000000000000e+00
8.000000000000000000e+00
8.000000000000000000e+00
8.000000000000000000e+00
8.000000000000000000e+00
8.000000000000000000e+00
8.000000000000000000e+00
7.000000000000000000e+00
8.000000000000000000e+00
8.000000000000000000e+00
7.000000000000000000e+00
7.000000000000000000e+00
7.000000000000000000e+00
7.000000000000000000e+00
7.000000000000000000e+00
8.000000000000000000e+00
8.000000000000000000e+00
8.000000000000000000e+00
8.000000000000000000e+00
8.000000000000000000e+00
8.000000000000000000e+00
8.000000000000000000e+00
7.000000000000000000e+00
7.000000000000000000e+00
8.000000000000000000e+00
8.000000000000000000e+00
8.000000000000000000e+00
7.000000000000000000e+00
7.000000000000000000e+00
8.000000000000000000e+00
8.000000000000000000e+00
8.000000000000000000e+00
1.100000000000000000e+01
1.200000000000000000e+01
1.200000000000000000e+01
1.300000000000000000e+01
1.200000000000000000e+01
9.000000000000000000e+00
8.000000000000000000e+00
9.000000000000000000e+00
8.000000000000000000e+00
9.000000000000000000e+00
8.000000000000000000e+00
8.000000000000000000e+00
1.200000000000000000e+01
1.100000000000000000e+01
1.200000000000000000e+01
1.200000000000000000e+01
1.200000000000000000e+01
1.200000000000000000e+01
7.000000000000000000e+00
7.000000000000000000e+00
7.000000000000000000e+00
7.000000000000000000e+00
8.000000000000000000e+00
9.000000000000000000e+00
9.000000000000000000e+00
1.100000000000000000e+01
1.200000000000000000e+01
9.000000000000000000e+00
1.300000000000000000e+01
1.800000000000000000e+01
1.400000000000000000e+01
1.300000000000000000e+01
9.000000000000000000e+00
1.000000000000000000e+00
1.000000000000000000e+00
8.000000000000000000e+00
1.200000000000000000e+01
9.000000000000000000e+00
9.000000000000000000e+00
6.000000000000000000e+00
6.000000000000000000e+00
1.200000000000000000e+01
1.300000000000000000e+01
1.800000000000000000e+01
2.200000000000000000e+01
1.700000000000000000e+01
1.400000000000000000e+01
1.100000000000000000e+01
6.000000000000000000e+00
7.000000000000000000e+00
8.000000000000000000e+00
6.000000000000000000e+00
4.000000000000000000e+00
6.000000000000000000e+00
1.300000000000000000e+01
1.800000000000000000e+01
1.100000000000000000e+01
9.000000000000000000e+00
6.000000000000000000e+00
3.000000000000000000e+00
1.600000000000000000e+01
1.800000000000000000e+01
1.300000000000000000e+01
9.000000000000000000e+00
1.200000000000000000e+01
2.000000000000000000e+01
1.600000000000000000e+01
8.000000000000000000e+00
7.000000000000000000e+00
9.000000000000000000e+00
1.100000000000000000e+01
6.000000000000000000e+00
7.000000000000000000e+00
6.000000000000000000e+00
8.000000000000000000e+00
7.000000000000000000e+00
2.000000000000000000e+00
8.000000000000000000e+00
1.100000000000000000e+01
7.000000000000000000e+00
1.100000000000000000e+01
1.300000000000000000e+01
1.100000000000000000e+01
8.000000000000000000e+00
2.000000000000000000e+00
4.000000000000000000e+00
1.600000000000000000e+01
2.700000000000000000e+01
2.800000000000000000e+01
1.100000000000000000e+01
8.000000000000000000e+00
1.700000000000000000e+01
9.000000000000000000e+00
7.000000000000000000e+00
3.000000000000000000e+00
4.000000000000000000e+00
9.000000000000000000e+00
7.000000000000000000e+00
7.000000000000000000e+00
1.100000000000000000e+01
1.600000000000000000e+01
1.300000000000000000e+01
1.100000000000000000e+01
1.400000000000000000e+01
1.200000000000000000e+01
1.300000000000000000e+01
1.300000000000000000e+01
8.000000000000000000e+00
7.000000000000000000e+00
3.000000000000000000e+00
1.000000000000000000e+00
4.000000000000000000e+00
1.400000000000000000e+01
1.400000000000000000e+01
1.100000000000000000e+01
7.000000000000000000e+00
9.000000000000000000e+00
1.600000000000000000e+01
1.600000000000000000e+01
1.200000000000000000e+01
1.200000000000000000e+01
1.200000000000000000e+01
8.000000000000000000e+00
7.000000000000000000e+00
7.000000000000000000e+00
1.100000000000000000e+01
4.000000000000000000e+00
-2.000000000000000000e+00
4.000000000000000000e+00
1.200000000000000000e+01
1.400000000000000000e+01
9.000000000000000000e+00
9.000000000000000000e+00
1.700000000000000000e+01
1.800000000000000000e+01
2.500000000000000000e+01
2.500000000000000000e+01
9.000000000000000000e+00
6.000000000000000000e+00
6.000000000000000000e+00
3.000000000000000000e+00
7.000000000000000000e+00
9.000000000000000000e+00
1.200000000000000000e+01
1.600000000000000000e+01
1.700000000000000000e+01
9.000000000000000000e+00
9.000000000000000000e+00
1.400000000000000000e+01
1.600000000000000000e+01
1.200000000000000000e+01
6.000000000000000000e+00
7.000000000000000000e+00
7.000000000000000000e+00
7.000000000000000000e+00
6.000000000000000000e+00
3.000000000000000000e+00
-3.000000000000000000e+00
-5.000000000000000000e+00
6.000000000000000000e+00
1.200000000000000000e+01
1.400000000000000000e+01
1.400000000000000000e+01
1.200000000000000000e+01
1.200000000000000000e+01
1.300000000000000000e+01
1.700000000000000000e+01
1.400000000000000000e+01
1.200000000000000000e+01
1.300000000000000000e+01
6.000000000000000000e+00
0.000000000000000000e+00
6.000000000000000000e+00
1.900000000000000000e+01
2.000000000000000000e+01
1.400000000000000000e+01
7.000000000000000000e+00
6.000000000000000000e+00
1.700000000000000000e+01
1.300000000000000000e+01
6.000000000000000000e+00
1.300000000000000000e+01
1.200000000000000000e+01
1.400000000000000000e+01
1.600000000000000000e+01
1.700000000000000000e+01
1.600000000000000000e+01
7.000000000000000000e+00
3.000000000000000000e+00
4.000000000000000000e+00
6.000000000000000000e+00
6.000000000000000000e+00
8.000000000000000000e+00
1.100000000000000000e+01
1.100000000000000000e+01
1.100000000000000000e+01
7.000000000000000000e+00
3.000000000000000000e+00
7.000000000000000000e+00
1.600000000000000000e+01
1.300000000000000000e+01
4.000000000000000000e+00
0.000000000000000000e+00
1.000000000000000000e+00
1.000000000000000000e+00
1.000000000000000000e+00
4.000000000000000000e+00
8.000000000000000000e+00
2.000000000000000000e+00
-4.000000000000000000e+00
-3.000000000000000000e+00
6.000000000000000000e+00
9.000000000000000000e+00
6.000000000000000000e+00
1.000000000000000000e+00
2.000000000000000000e+00
8.000000000000000000e+00
1.400000000000000000e+01
1.400000000000000000e+01
1.100000000000000000e+01
1.100000000000000000e+01
8.000000000000000000e+00
3.000000000000000000e+00
1.000000000000000000e+00
-7.000000000000000000e+00
-9.000000000000000000e+00
4.000000000000000000e+00
1.200000000000000000e+01
8.000000000000000000e+00
9.000000000000000000e+00
9.000000000000000000e+00
7.000000000000000000e+00
6.000000000000000000e+00
4.000000000000000000e+00
4.000000000000000000e+00
6.000000000000000000e+00
2.000000000000000000e+00
-2.000000000000000000e+00
4.000000000000000000e+00
7.000000000000000000e+00
6.000000000000000000e+00
4.000000000000000000e+00
1.000000000000000000e+00
2.000000000000000000e+00
8.000000000000000000e+00
1.300000000000000000e+01
1.400000000000000000e+01
1.300000000000000000e+01
8.000000000000000000e+00
8.000000000000000000e+00
1.300000000000000000e+01
1.400000000000000000e+01
1.100000000000000000e+01
3.000000000000000000e+00
2.000000000000000000e+00
9.000000000000000000e+00
1.600000000000000000e+01
8.000000000000000000e+00
2.000000000000000000e+00
7.000000000000000000e+00
9.000000000000000000e+00
4.000000000000000000e+00
3.000000000000000000e+00
1.300000000000000000e+01
2.400000000000000000e+01
2.500000000000000000e+01
2.300000000000000000e+01
1.800000000000000000e+01
1.300000000000000000e+01
1.300000000000000000e+01
1.400000000000000000e+01
1.100000000000000000e+01
7.000000000000000000e+00
6.000000000000000000e+00
3.000000000000000000e+00
3.000000000000000000e+00
4.000000000000000000e+00
7.000000000000000000e+00
2.000000000000000000e+00
6.000000000000000000e+00
9.000000000000000000e+00
1.100000000000000000e+01
1.200000000000000000e+01
1.300000000000000000e+01
1.200000000000000000e+01
1.200000000000000000e+01
1.300000000000000000e+01
1.200000000000000000e+01
1.200000000000000000e+01
1.200000000000000000e+01
9.000000000000000000e+00
3.000000000000000000e+00
2.000000000000000000e+00
3.000000000000000000e+00
1.400000000000000000e+01
2.400000000000000000e+01
2.400000000000000000e+01
1.900000000000000000e+01
1.700000000000000000e+01
2.200000000000000000e+01
3.300000000000000000e+01
3.600000000000000000e+01
2.400000000000000000e+01
1.700000000000000000e+01
2.000000000000000000e+01
1.900000000000000000e+01
1.100000000000000000e+01
-7.000000000000000000e+00
-3.300000000000000000e+01
-5.800000000000000000e+01
-7.000000000000000000e+01
-6.200000000000000000e+01
-3.000000000000000000e+01
3.000000000000000000e+00
3.000000000000000000e+00
8.000000000000000000e+00
-1.500000000000000000e+01
-5.100000000000000000e+01
-2.600000000000000000e+01
-1.000000000000000000e+01
1.300000000000000000e+01
4.600000000000000000e+01
4.900000000000000000e+01
7.500000000000000000e+01
1.040000000000000000e+02
1.090000000000000000e+02
1.220000000000000000e+02
1.420000000000000000e+02
1.310000000000000000e+02
3.400000000000000000e+01
-1.020000000000000000e+02
-1.300000000000000000e+02
-1.100000000000000000e+02
-1.020000000000000000e+02
4.900000000000000000e+01
9.700000000000000000e+01
-9.000000000000000000e+01
-1.690000000000000000e+02
-1.310000000000000000e+02
-1.400000000000000000e+01
1.260000000000000000e+02
1.470000000000000000e+02
1.620000000000000000e+02
-5.400000000000000000e+01
-3.780000000000000000e+02
-3.500000000000000000e+01
5.090000000000000000e+02
4.430000000000000000e+02
2.610000000000000000e+02
6.400000000000000000e+01
-2.010000000000000000e+02
-2.590000000000000000e+02
-3.580000000000000000e+02
-3.440000000000000000e+02
-2.170000000000000000e+02
-1.080000000000000000e+02
1.810000000000000000e+02
2.820000000000000000e+02
6.700000000000000000e+01
-4.500000000000000000e+01
-1.400000000000000000e+01
7.000000000000000000e+00
2.800000000000000000e+01
3.300000000000000000e+01
1.900000000000000000e+01
4.000000000000000000e+00
-8.000000000000000000e+00
-5.000000000000000000e+00
0.000000000000000000e+00
0.000000000000000000e+00
0.000000000000000000e+00
0.000000000000000000e+00
0.000000000000000000e+00
-4.000000000000000000e+00
-1.400000000000000000e+01
-1.200000000000000000e+01
0.000000000000000000e+00
1.600000000000000000e+01
6.600000000000000000e+01
9.300000000000000000e+01
6.600000000000000000e+01
3.200000000000000000e+01
-7.700000000000000000e+01
-2.140000000000000000e+02
-2.540000000000000000e+02
-2.430000000000000000e+02
-1.340000000000000000e+02
1.250000000000000000e+02
3.630000000000000000e+02
5.040000000000000000e+02
5.460000000000000000e+02
3.710000000000000000e+02
1.000000000000000000e+00
-3.510000000000000000e+02
-6.270000000000000000e+02
-7.800000000000000000e+02
-5.960000000000000000e+02
-2.080000000000000000e+02
1.470000000000000000e+02
5.680000000000000000e+02
7.750000000000000000e+02
5.650000000000000000e+02
3.240000000000000000e+02
-6.600000000000000000e+01
-5.690000000000000000e+02
-6.130000000000000000e+02
-5.020000000000000000e+02
-3.160000000000000000e+02
2.950000000000000000e+02
6.440000000000000000e+02
6.680000000000000000e+02
7.400000000000000000e+02
2.320000000000000000e+02
-4.310000000000000000e+02
-7.070000000000000000e+02
-1.183000000000000000e+03
-1.156000000000000000e+03
-4.430000000000000000e+02
-4.700000000000000000e+01
6.110000000000000000e+02
1.331000000000000000e+03
1.252000000000000000e+03
1.025000000000000000e+03
3.270000000000000000e+02
-5.400000000000000000e+02
-7.130000000000000000e+02
-1.274000000000000000e+03
-1.384000000000000000e+03
-1.670000000000000000e+02
5.180000000000000000e+02
7.510000000000000000e+02
1.399000000000000000e+03
1.565000000000000000e+03
1.042000000000000000e+03
-7.200000000000000000e+01
-9.630000000000000000e+02
-9.180000000000000000e+02
-1.591000000000000000e+03
-2.122000000000000000e+03
-9.850000000000000000e+02
-1.790000000000000000e+02
-5.200000000000000000e+01
4.470000000000000000e+02
1.214000000000000000e+03
1.623000000000000000e+03
1.090000000000000000e+03
7.450000000000000000e+02
1.370000000000000000e+03
1.020000000000000000e+03
-2.500000000000000000e+01
4.140000000000000000e+02
7.070000000000000000e+02
1.350000000000000000e+02
5.100000000000000000e+01
3.500000000000000000e+02
6.360000000000000000e+02
3.900000000000000000e+01
-5.790000000000000000e+02
-1.980000000000000000e+02
-7.250000000000000000e+02
-2.507000000000000000e+03
-2.629000000000000000e+03
-1.347000000000000000e+03
-9.770000000000000000e+02
-9.520000000000000000e+02
-1.458000000000000000e+03
-1.785000000000000000e+03
-1.641000000000000000e+03
-1.642000000000000000e+03
-2.590000000000000000e+02
8.180000000000000000e+02
2.870000000000000000e+02
-9.300000000000000000e+01
-3.400000000000000000e+01
-7.300000000000000000e+01
-8.800000000000000000e+01
9.330000000000000000e+02
1.646000000000000000e+03
-1.900000000000000000e+02
-3.477000000000000000e+03
-4.735000000000000000e+03
-1.372000000000000000e+03
3.221000000000000000e+03
5.642000000000000000e+03
6.127000000000000000e+03
5.427000000000000000e+03
6.085000000000000000e+03
6.292000000000000000e+03
3.513000000000000000e+03
-1.093000000000000000e+03
-4.300000000000000000e+03
-1.440000000000000000e+03
3.046000000000000000e+03
2.814000000000000000e+03
3.220000000000000000e+02
-1.824000000000000000e+03
-5.396000000000000000e+03
-8.322000000000000000e+03
-5.633000000000000000e+03
-2.213000000000000000e+03
-2.773000000000000000e+03
-3.980000000000000000e+03
-2.219000000000000000e+03
1.180000000000000000e+02
-2.249000000000000000e+03
-3.113000000000000000e+03
7.590000000000000000e+02
2.139000000000000000e+03
2.222000000000000000e+03
4.579000000000000000e+03
4.827000000000000000e+03
1.724000000000000000e+03
1.304000000000000000e+03
3.179000000000000000e+03
2.882000000000000000e+03
6.240000000000000000e+02
-8.820000000000000000e+02
9.300000000000000000e+02
2.029000000000000000e+03
1.180000000000000000e+02
-6.530000000000000000e+02
-1.948000000000000000e+03
-4.750000000000000000e+03
-5.189000000000000000e+03
-3.904000000000000000e+03
-3.023000000000000000e+03
-2.251000000000000000e+03
-1.144000000000000000e+03
-6.500000000000000000e+02
-3.345000000000000000e+03
-6.258000000000000000e+03
-4.637000000000000000e+03
-2.402000000000000000e+03
-1.562000000000000000e+03
-1.030000000000000000e+02
1.685000000000000000e+03
9.880000000000000000e+02
-2.492000000000000000e+03
-1.323000000000000000e+03
3.482000000000000000e+03
5.824000000000000000e+03
5.682000000000000000e+03
3.498000000000000000e+03
2.302000000000000000e+03
3.594000000000000000e+03
7.369000000000000000e+03
8.924000000000000000e+03
5.643000000000000000e+03
2.877000000000000000e+03
1.130000000000000000e+03
6.550000000000000000e+02
-1.089000000000000000e+03
-2.386000000000000000e+03
-4.050000000000000000e+02
-1.683000000000000000e+03
-3.113000000000000000e+03
-2.084000000000000000e+03
-9.310000000000000000e+02
-1.328000000000000000e+03
-3.220000000000000000e+03
-3.319000000000000000e+03
-4.898000000000000000e+03
-5.577000000000000000e+03
-4.614000000000000000e+03
-5.803000000000000000e+03
-7.345000000000000000e+03
-6.525000000000000000e+03
-1.980000000000000000e+02
2.323000000000000000e+03
-2.556000000000000000e+03
-4.046000000000000000e+03
4.030000000000000000e+02
4.496000000000000000e+03
3.140000000000000000e+03
2.999000000000000000e+03
5.828000000000000000e+03
6.905000000000000000e+03
6.916000000000000000e+03
5.306000000000000000e+03
4.756000000000000000e+03
5.458000000000000000e+03
5.977000000000000000e+03
5.483000000000000000e+03
2.047000000000000000e+03
1.442000000000000000e+03
6.381000000000000000e+03
6.702000000000000000e+03
-2.534000000000000000e+03
-7.024000000000000000e+03
-2.182000000000000000e+03
-1.167000000000000000e+03
-3.573000000000000000e+03
-3.342000000000000000e+03
-2.619000000000000000e+03
-2.682000000000000000e+03
-5.235000000000000000e+03
-7.425000000000000000e+03
-4.765000000000000000e+03
-2.032000000000000000e+03
9.550000000000000000e+02
1.688000000000000000e+03
-2.542000000000000000e+03
1.015000000000000000e+03
1.002900000000000000e+04
1.255600000000000000e+04
1.131400000000000000e+04
1.310300000000000000e+04
1.606800000000000000e+04
1.360600000000000000e+04
9.765000000000000000e+03
9.501000000000000000e+03
7.198000000000000000e+03
-2.099000000000000000e+03
-7.767000000000000000e+03
-6.748000000000000000e+03
-1.371200000000000000e+04
-2.268200000000000000e+04
-2.329500000000000000e+04
-2.116100000000000000e+04
-2.049000000000000000e+04
-2.119700000000000000e+04
-1.937400000000000000e+04
-1.793300000000000000e+04
-1.611400000000000000e+04
-5.958000000000000000e+03
2.337000000000000000e+03
-2.619000000000000000e+03
-7.897000000000000000e+03
9.100000000000000000e+02
1.258200000000000000e+04
1.239300000000000000e+04
6.385000000000000000e+03
4.188000000000000000e+03
3.090000000000000000e+03
2.598000000000000000e+03
7.311000000000000000e+03
8.956000000000000000e+03
5.114000000000000000e+03
9.919000000000000000e+03
1.897600000000000000e+04
1.226500000000000000e+04
-2.203000000000000000e+03
-4.760000000000000000e+02
1.611600000000000000e+04
2.192700000000000000e+04
1.003200000000000000e+04
4.996000000000000000e+03
9.123000000000000000e+03
1.381400000000000000e+04
1.876900000000000000e+04
1.198600000000000000e+04
-3.686000000000000000e+03
-1.275300000000000000e+04
-6.335000000000000000e+03
2.856000000000000000e+03
1.951000000000000000e+03
1.355000000000000000e+03
1.139000000000000000e+03
-6.528000000000000000e+03
-1.893800000000000000e+04
-1.696500000000000000e+04
-1.777000000000000000e+03
1.962000000000000000e+03
-1.299000000000000000e+03
3.519000000000000000e+03
1.061700000000000000e+04
1.217000000000000000e+03
-1.291600000000000000e+04
-1.042800000000000000e+04
-3.938000000000000000e+03
-1.989000000000000000e+03
-2.399000000000000000e+03
-4.764000000000000000e+03
-9.840000000000000000e+03
-1.432400000000000000e+04
-9.794000000000000000e+03
-6.694000000000000000e+03
-1.525000000000000000e+04
-1.682200000000000000e+04
-5.185000000000000000e+03
-8.260000000000000000e+02
-6.842000000000000000e+03
-7.815000000000000000e+03
-2.528000000000000000e+03
-1.880000000000000000e+03
-3.701000000000000000e+03
-1.084000000000000000e+03
3.108000000000000000e+03
8.781000000000000000e+03
1.766800000000000000e+04
2.337600000000000000e+04
1.622800000000000000e+04
7.180000000000000000e+03
1.248700000000000000e+04
2.273900000000000000e+04
2.642600000000000000e+04
2.074500000000000000e+04
1.148300000000000000e+04
1.826000000000000000e+03
-3.331000000000000000e+03
-1.136000000000000000e+03
-5.200000000000000000e+03
-1.279200000000000000e+04
-2.329500000000000000e+04
-3.031000000000000000e+04
-2.179800000000000000e+04
-1.702300000000000000e+04
-1.939200000000000000e+04
-1.704500000000000000e+04
-1.324600000000000000e+04
-1.252000000000000000e+04
-7.673000000000000000e+03
7.099000000000000000e+03
1.309900000000000000e+04
8.796000000000000000e+03
9.623000000000000000e+03
1.601000000000000000e+04
2.174700000000000000e+04
1.616100000000000000e+04
8.382000000000000000e+03
8.930000000000000000e+03
1.487600000000000000e+04
1.324600000000000000e+04
7.480000000000000000e+02
-2.007000000000000000e+03
-5.150000000000000000e+02
-3.395000000000000000e+03
-5.513000000000000000e+03
-4.119000000000000000e+03
1.130000000000000000e+03
-1.332000000000000000e+03
-9.887000000000000000e+03
-6.115000000000000000e+03
5.485000000000000000e+03
3.381000000000000000e+03
-3.058000000000000000e+03
-1.924000000000000000e+03
1.381000000000000000e+03
1.177400000000000000e+04
1.705400000000000000e+04
4.610000000000000000e+03
-5.010000000000000000e+03
-4.486000000000000000e+03
4.960000000000000000e+03
1.371100000000000000e+04
3.000000000000000000e+03
-2.028000000000000000e+03
4.238000000000000000e+03
8.120000000000000000e+02
1.908000000000000000e+03
4.368000000000000000e+03
-4.561000000000000000e+03
-8.537000000000000000e+03
-6.966000000000000000e+03
-8.734000000000000000e+03
-6.173000000000000000e+03
-4.415000000000000000e+03
-7.769000000000000000e+03
-1.230700000000000000e+04
-1.767400000000000000e+04
-1.615900000000000000e+04
-9.819000000000000000e+03
-2.743000000000000000e+03
2.610000000000000000e+02
-6.429000000000000000e+03
-5.387000000000000000e+03
4.332000000000000000e+03
7.285000000000000000e+03
8.741000000000000000e+03
1.578900000000000000e+04
1.726700000000000000e+04
2.430000000000000000e+03
-6.089000000000000000e+03
6.564000000000000000e+03
1.539000000000000000e+04
9.278000000000000000e+03
1.103000000000000000e+03
-5.120000000000000000e+03
-6.672000000000000000e+03
-1.000000000000000000e+01
7.300000000000000000e+03
8.294000000000000000e+03
4.086000000000000000e+03
8.460000000000000000e+02
5.696000000000000000e+03
7.737000000000000000e+03
5.489000000000000000e+03
1.604300000000000000e+04
1.514300000000000000e+04
-7.636000000000000000e+03
-1.872300000000000000e+04
-8.462000000000000000e+03
-3.218000000000000000e+03
-1.270300000000000000e+04
-1.122900000000000000e+04
-1.547500000000000000e+04
-2.990800000000000000e+04
-2.120700000000000000e+04
-5.034000000000000000e+03
-4.181000000000000000e+03
-6.886000000000000000e+03
-2.100000000000000000e+01
-1.557000000000000000e+03
-8.056000000000000000e+03
7.330000000000000000e+03
2.316400000000000000e+04
1.009800000000000000e+04
-1.375500000000000000e+04
-8.086000000000000000e+03
1.134800000000000000e+04
5.394000000000000000e+03
-4.076000000000000000e+03
-3.372000000000000000e+03
-6.445000000000000000e+03
-1.271300000000000000e+04
-9.311000000000000000e+03
9.653000000000000000e+03
1.287600000000000000e+04
-2.940000000000000000e+03
-3.925000000000000000e+03
6.093000000000000000e+03
9.949000000000000000e+03
1.117400000000000000e+04
1.501700000000000000e+04
8.517000000000000000e+03
-2.279000000000000000e+03
9.304000000000000000e+03
2.070500000000000000e+04
1.061800000000000000e+04
4.690000000000000000e+02
3.605000000000000000e+03
8.093000000000000000e+03
1.498000000000000000e+03
1.934000000000000000e+03
6.466000000000000000e+03
3.841000000000000000e+03
3.350000000000000000e+02
-9.440000000000000000e+02
4.008000000000000000e+03
6.731000000000000000e+03
1.380500000000000000e+04
1.323000000000000000e+04
4.100000000000000000e+02
-5.015000000000000000e+03
-6.555000000000000000e+03
7.136000000000000000e+03
2.147800000000000000e+04
1.429100000000000000e+04
3.778000000000000000e+03
-2.957000000000000000e+03
-6.237000000000000000e+03
-3.847000000000000000e+03
-6.917000000000000000e+03
-1.400500000000000000e+04
-1.595500000000000000e+04
-1.240800000000000000e+04
-9.850000000000000000e+02
-1.512000000000000000e+03
-1.569400000000000000e+04
-1.673400000000000000e+04
-7.566000000000000000e+03
3.409000000000000000e+03
9.995000000000000000e+03
5.221000000000000000e+03
-1.062000000000000000e+03
-1.919000000000000000e+03
-6.408000000000000000e+03
-9.781000000000000000e+03
-5.641000000000000000e+03
-6.202000000000000000e+03
-6.975000000000000000e+03
-9.427000000000000000e+03
-1.074600000000000000e+04
-1.180900000000000000e+04
-2.235900000000000000e+04
-1.735300000000000000e+04
-3.363000000000000000e+03
3.620000000000000000e+03
7.452000000000000000e+03
4.141000000000000000e+03
-4.494000000000000000e+03
-1.181000000000000000e+04
-3.138000000000000000e+03
5.434000000000000000e+03
5.067000000000000000e+03
8.474000000000000000e+03
4.930000000000000000e+02
-1.381800000000000000e+04
-1.207000000000000000e+04
-7.060000000000000000e+02
-1.344000000000000000e+03
-8.882000000000000000e+03
-5.631000000000000000e+03
-5.206000000000000000e+03
-7.362000000000000000e+03
4.519000000000000000e+03
1.245600000000000000e+04
8.590000000000000000e+02
-7.318000000000000000e+03
5.893000000000000000e+03
1.583600000000000000e+04
1.168100000000000000e+04
1.183300000000000000e+04
7.641000000000000000e+03
-4.014000000000000000e+03
3.260000000000000000e+02
1.406500000000000000e+04
1.171400000000000000e+04
-4.659000000000000000e+03
-9.305000000000000000e+03
6.858000000000000000e+03
1.737400000000000000e+04
1.540900000000000000e+04
1.754500000000000000e+04
1.290700000000000000e+04
3.890000000000000000e+02
9.191000000000000000e+03
2.265500000000000000e+04
1.781700000000000000e+04
1.402800000000000000e+04
9.568000000000000000e+03
3.421000000000000000e+03
-1.511000000000000000e+03
-1.391000000000000000e+03
9.526000000000000000e+03
5.331000000000000000e+03
-1.360500000000000000e+04
-9.527000000000000000e+03
5.847000000000000000e+03
6.447000000000000000e+03
4.992000000000000000e+03
5.124000000000000000e+03
1.105300000000000000e+04
6.407000000000000000e+03
-7.631000000000000000e+03
-2.110000000000000000e+03
9.578000000000000000e+03
1.241300000000000000e+04
1.069000000000000000e+03
-7.456000000000000000e+03
-1.031700000000000000e+04
-1.367600000000000000e+04
-9.325000000000000000e+03
-1.162900000000000000e+04
-1.884000000000000000e+04
-2.089000000000000000e+04
-1.339000000000000000e+04
-6.822000000000000000e+03
-9.026000000000000000e+03
-8.507000000000000000e+03
-7.847000000000000000e+03
-1.146600000000000000e+04
-1.435700000000000000e+04
-5.860000000000000000e+03
6.222000000000000000e+03
5.240000000000000000e+03
1.415000000000000000e+03
-3.813000000000000000e+03
-6.869000000000000000e+03
6.610000000000000000e+02
5.810000000000000000e+02
-3.945000000000000000e+03
-1.019100000000000000e+04
-9.167000000000000000e+03
3.971000000000000000e+03
4.452000000000000000e+03
2.831000000000000000e+03
2.137000000000000000e+03
6.500000000000000000e+02
-4.308000000000000000e+03
-9.980000000000000000e+03
1.347000000000000000e+03
9.412000000000000000e+03
7.652000000000000000e+03
4.765000000000000000e+03
1.937000000000000000e+03
-1.313000000000000000e+03
-1.312000000000000000e+03
6.290000000000000000e+02
-2.785000000000000000e+03
1.760000000000000000e+02
5.394000000000000000e+03
7.759000000000000000e+03
5.278000000000000000e+03
-2.168000000000000000e+03
-1.884000000000000000e+03
-7.411000000000000000e+03
-1.482500000000000000e+04
-3.109000000000000000e+03
9.346000000000000000e+03
5.571000000000000000e+03
-6.913000000000000000e+03
-1.115600000000000000e+04
-5.096000000000000000e+03
-6.727000000000000000e+03
-6.921000000000000000e+03
3.900000000000000000e+01
-9.530000000000000000e+02
-6.591000000000000000e+03
-7.901000000000000000e+03
-1.220000000000000000e+03
2.316000000000000000e+03
1.389000000000000000e+03
1.819000000000000000e+03
-3.186000000000000000e+03
-1.151900000000000000e+04
-8.954000000000000000e+03
6.816000000000000000e+03
1.054600000000000000e+04
-2.780000000000000000e+02
-4.956000000000000000e+03
-2.775000000000000000e+03
3.930000000000000000e+02
4.854000000000000000e+03
9.477000000000000000e+03
1.009000000000000000e+04
4.335000000000000000e+03
7.509000000000000000e+03
1.844300000000000000e+04
1.216900000000000000e+04
4.543000000000000000e+03
1.041600000000000000e+04
1.411000000000000000e+04
8.153000000000000000e+03
2.349000000000000000e+03
8.838000000000000000e+03
1.540200000000000000e+04
1.003200000000000000e+04
2.750000000000000000e+03
3.039000000000000000e+03
7.159000000000000000e+03
9.960000000000000000e+03
9.025000000000000000e+03
7.830000000000000000e+02
-3.733000000000000000e+03
1.279000000000000000e+03
5.538000000000000000e+03
5.573000000000000000e+03
-2.695000000000000000e+03
-6.574000000000000000e+03
3.680000000000000000e+02
2.654000000000000000e+03
-2.100000000000000000e+01
-5.052000000000000000e+03
-3.233000000000000000e+03
2.085000000000000000e+03
-5.152000000000000000e+03
-6.901000000000000000e+03
1.921000000000000000e+03
-1.216000000000000000e+03
-7.630000000000000000e+03
-4.055000000000000000e+03
-2.502000000000000000e+03
-4.750000000000000000e+03
-4.489000000000000000e+03
-6.611000000000000000e+03
-1.171200000000000000e+04
-1.448000000000000000e+04
-1.050300000000000000e+04
-4.887000000000000000e+03
-4.989000000000000000e+03
-4.345000000000000000e+03
-1.816000000000000000e+03
-2.830000000000000000e+03
-5.412000000000000000e+03
-5.193000000000000000e+03
-5.060000000000000000e+03
-2.934000000000000000e+03
1.262000000000000000e+03
3.450000000000000000e+02
-7.800000000000000000e+02
-1.832000000000000000e+03
-2.724000000000000000e+03
4.700000000000000000e+02
1.966000000000000000e+03
1.000000000000000000e+00
-1.527000000000000000e+03
-3.091000000000000000e+03
-3.877000000000000000e+03
-5.374000000000000000e+03
-6.116000000000000000e+03
-1.056000000000000000e+03
-1.283000000000000000e+03
-6.973000000000000000e+03
-7.863000000000000000e+03
-5.567000000000000000e+03
-2.041000000000000000e+03
-3.047000000000000000e+03
-4.398000000000000000e+03
-1.258000000000000000e+03
-2.580000000000000000e+02
2.183000000000000000e+03
4.580000000000000000e+03
5.984000000000000000e+03
1.231000000000000000e+04
1.607600000000000000e+04
1.370500000000000000e+04
1.395100000000000000e+04
1.482400000000000000e+04
1.155600000000000000e+04
9.184000000000000000e+03
3.449000000000000000e+03
-2.346000000000000000e+03
-2.313000000000000000e+03
-2.260000000000000000e+03
-2.064000000000000000e+03
-4.547000000000000000e+03
-5.693000000000000000e+03
-3.946000000000000000e+03
-4.870000000000000000e+03
-4.622000000000000000e+03
-8.056000000000000000e+03
-1.266900000000000000e+04
-1.063400000000000000e+04
-6.905000000000000000e+03
3.030000000000000000e+02
5.335000000000000000e+03
6.629000000000000000e+03
1.252400000000000000e+04
1.257700000000000000e+04
7.716000000000000000e+03
7.777000000000000000e+03
9.904000000000000000e+03
1.369600000000000000e+04
1.159200000000000000e+04
1.360000000000000000e+03
-3.860000000000000000e+03
-3.371000000000000000e+03
-1.731000000000000000e+03
-1.164000000000000000e+03
-5.964000000000000000e+03
-1.032800000000000000e+04
-9.993000000000000000e+03
-6.795000000000000000e+03
-4.362000000000000000e+03
-8.448000000000000000e+03
-1.076600000000000000e+04
-6.284000000000000000e+03
-4.700000000000000000e+03
-3.226000000000000000e+03
2.538000000000000000e+03
8.086000000000000000e+03
1.070900000000000000e+04
6.869000000000000000e+03
6.262000000000000000e+03
1.068200000000000000e+04
1.189000000000000000e+04
1.465000000000000000e+04
7.816000000000000000e+03
-2.155000000000000000e+03
-1.036000000000000000e+03
8.900000000000000000e+02
2.282000000000000000e+03
-4.744000000000000000e+03
-1.317100000000000000e+04
-1.350400000000000000e+04
-1.751600000000000000e+04
-2.112000000000000000e+04
-1.885000000000000000e+04
-1.095800000000000000e+04
-5.422000000000000000e+03
-5.652000000000000000e+03
-4.430000000000000000e+02
6.720000000000000000e+03
1.128100000000000000e+04
1.158100000000000000e+04
6.899000000000000000e+03
4.823000000000000000e+03
6.263000000000000000e+03
1.143000000000000000e+04
1.411000000000000000e+04
9.193000000000000000e+03
4.758000000000000000e+03
1.168000000000000000e+03
-5.619000000000000000e+03
-1.163800000000000000e+04
-9.968000000000000000e+03
-6.782000000000000000e+03
-1.184900000000000000e+04
-1.571600000000000000e+04
-1.578200000000000000e+04
-1.492200000000000000e+04
-6.933000000000000000e+03
-2.646000000000000000e+03
-2.625000000000000000e+03
2.619000000000000000e+03
1.100500000000000000e+04
1.993700000000000000e+04
1.695300000000000000e+04
1.166600000000000000e+04
1.486600000000000000e+04
1.453200000000000000e+04
1.623900000000000000e+04
1.792400000000000000e+04
1.363900000000000000e+04
1.240400000000000000e+04
1.240300000000000000e+04
8.870000000000000000e+03
4.189000000000000000e+03
-6.550000000000000000e+02
-4.855000000000000000e+03
-9.285000000000000000e+03
-1.741900000000000000e+04
-2.067200000000000000e+04
-1.489600000000000000e+04
-8.442000000000000000e+03
-3.172000000000000000e+03
-1.663000000000000000e+03
-3.217000000000000000e+03
-1.172000000000000000e+03
3.046000000000000000e+03
2.592000000000000000e+03
1.421000000000000000e+03
3.981000000000000000e+03
5.442000000000000000e+03
3.346000000000000000e+03
2.000000000000000000e+01
1.049000000000000000e+03
2.909000000000000000e+03
2.599000000000000000e+03
1.429000000000000000e+03
-4.965000000000000000e+03
-8.558000000000000000e+03
-2.471000000000000000e+03
1.927000000000000000e+03
-5.793000000000000000e+03
-1.779700000000000000e+04
-1.461700000000000000e+04
-3.101000000000000000e+03
8.110000000000000000e+02
6.843000000000000000e+03
1.083500000000000000e+04
4.699000000000000000e+03
1.168000000000000000e+03
-1.020000000000000000e+02
-2.186000000000000000e+03
-3.781000000000000000e+03
-8.526000000000000000e+03
-1.016800000000000000e+04
-1.096900000000000000e+04
-1.066200000000000000e+04
-1.088000000000000000e+03
2.200000000000000000e+03
-6.411000000000000000e+03
-1.226000000000000000e+04
-1.094900000000000000e+04
-6.629000000000000000e+03
-1.434000000000000000e+03
2.270000000000000000e+03
4.324000000000000000e+03
1.037900000000000000e+04
1.339200000000000000e+04
1.253400000000000000e+04
1.430500000000000000e+04
1.000200000000000000e+04
7.962000000000000000e+03
1.148800000000000000e+04
7.332000000000000000e+03
5.316000000000000000e+03
5.374000000000000000e+03
-6.930000000000000000e+02
-3.655000000000000000e+03
-6.054000000000000000e+03
-8.388000000000000000e+03
-5.556000000000000000e+03
-9.265000000000000000e+03
-1.617700000000000000e+04
-1.739000000000000000e+04
-1.785500000000000000e+04
-1.208600000000000000e+04
-5.688000000000000000e+03
-5.268000000000000000e+03
-1.400000000000000000e+02
9.830000000000000000e+03
1.613400000000000000e+04
1.751200000000000000e+04
1.750300000000000000e+04
1.389000000000000000e+04
1.326700000000000000e+04
1.694300000000000000e+04
1.370300000000000000e+04
5.995000000000000000e+03
-3.100000000000000000e+01
1.447000000000000000e+03
5.161000000000000000e+03
-4.410000000000000000e+02
-6.023000000000000000e+03
-6.356000000000000000e+03
-1.199000000000000000e+04
-1.330600000000000000e+04
-9.404000000000000000e+03
-1.060300000000000000e+04
-3.904000000000000000e+03
2.667000000000000000e+03
2.694000000000000000e+03
6.342000000000000000e+03
7.200000000000000000e+03
5.338000000000000000e+03
3.609000000000000000e+03
1.224000000000000000e+03
3.237000000000000000e+03
5.815000000000000000e+03
2.700000000000000000e+03
8.490000000000000000e+02
4.010000000000000000e+02
4.930000000000000000e+02
-2.228000000000000000e+03
-9.224000000000000000e+03
-8.531000000000000000e+03
-7.138000000000000000e+03
-9.236000000000000000e+03
-1.259000000000000000e+04
-1.564600000000000000e+04
-1.351600000000000000e+04
-9.029000000000000000e+03
1.470000000000000000e+03
9.963000000000000000e+03
1.185400000000000000e+04
1.385300000000000000e+04
1.137100000000000000e+04
9.554000000000000000e+03
1.507300000000000000e+04
1.665000000000000000e+04
1.180100000000000000e+04
4.495000000000000000e+03
-6.591000000000000000e+03
-1.024500000000000000e+04
-9.412000000000000000e+03
-1.340100000000000000e+04
-1.709900000000000000e+04
-1.830100000000000000e+04
-1.524800000000000000e+04
-9.936000000000000000e+03
-5.204000000000000000e+03
-4.184000000000000000e+03
9.070000000000000000e+02
9.245000000000000000e+03
1.045900000000000000e+04
1.166200000000000000e+04
1.309900000000000000e+04
1.346600000000000000e+04
1.235200000000000000e+04
8.869000000000000000e+03
1.017200000000000000e+04
9.827000000000000000e+03
7.295000000000000000e+03
6.243000000000000000e+03
-1.495000000000000000e+03
-6.412000000000000000e+03
-8.643000000000000000e+03
-1.445100000000000000e+04
-2.108800000000000000e+04
-2.777000000000000000e+04
-2.376300000000000000e+04
-1.693700000000000000e+04
-1.361400000000000000e+04
-1.052500000000000000e+04
-5.464000000000000000e+03
4.625000000000000000e+03
1.070200000000000000e+04
1.528500000000000000e+04
1.634100000000000000e+04
1.320400000000000000e+04
1.255700000000000000e+04
1.172600000000000000e+04
1.341700000000000000e+04
1.291800000000000000e+04
9.733000000000000000e+03
7.812000000000000000e+03
5.639000000000000000e+03
5.932000000000000000e+03
3.040000000000000000e+02
-1.045600000000000000e+04
-1.532700000000000000e+04
-1.764700000000000000e+04
-1.656200000000000000e+04
-1.649500000000000000e+04
-2.162100000000000000e+04
-2.014800000000000000e+04
-1.295000000000000000e+04
-2.900000000000000000e+01
9.184000000000000000e+03
5.311000000000000000e+03
7.907000000000000000e+03
1.171500000000000000e+04
1.682300000000000000e+04
2.692300000000000000e+04
2.496200000000000000e+04
2.134000000000000000e+04
1.584800000000000000e+04
1.078600000000000000e+04
1.378800000000000000e+04
9.239000000000000000e+03
-2.410000000000000000e+02
-9.115000000000000000e+03
-1.499900000000000000e+04
-1.274500000000000000e+04
-9.868000000000000000e+03
-1.256700000000000000e+04
-1.588900000000000000e+04
-1.315000000000000000e+04
-5.470000000000000000e+03
5.300000000000000000e+02
-5.330000000000000000e+02
-2.123000000000000000e+03
-2.020000000000000000e+03
-1.080000000000000000e+03
5.666000000000000000e+03
6.442000000000000000e+03
3.727000000000000000e+03
7.547000000000000000e+03
6.480000000000000000e+03
5.955000000000000000e+03
8.356000000000000000e+03
5.442000000000000000e+03
2.035000000000000000e+03
-5.217000000000000000e+03
-1.161900000000000000e+04
-8.834000000000000000e+03
-8.088000000000000000e+03
-8.597000000000000000e+03
-4.133000000000000000e+03
-1.629000000000000000e+03
2.114000000000000000e+03
7.141000000000000000e+03
5.340000000000000000e+03
-7.170000000000000000e+02
-3.101000000000000000e+03
1.696000000000000000e+03
2.697000000000000000e+03
-1.142000000000000000e+03
-5.961000000000000000e+03
-6.692000000000000000e+03
4.980000000000000000e+02
7.800000000000000000e+02
1.645000000000000000e+03
1.311000000000000000e+03
-5.302000000000000000e+03
-2.292000000000000000e+03
-3.543000000000000000e+03
-7.370000000000000000e+03
-7.032000000000000000e+03
-9.791000000000000000e+03
-4.309000000000000000e+03
3.624000000000000000e+03
6.306000000000000000e+03
1.087900000000000000e+04
8.382000000000000000e+03
1.500000000000000000e+02
2.835000000000000000e+03
8.795000000000000000e+03
1.053800000000000000e+04
8.911000000000000000e+03
2.340000000000000000e+03
4.850000000000000000e+02
3.383000000000000000e+03
-7.010000000000000000e+02
-7.405000000000000000e+03
-9.715000000000000000e+03
-1.019200000000000000e+04
-4.306000000000000000e+03
-2.105000000000000000e+03
-9.348000000000000000e+03
-4.341000000000000000e+03
3.912000000000000000e+03
7.441000000000000000e+03
1.214800000000000000e+04
5.623000000000000000e+03
-1.390000000000000000e+03
-6.250000000000000000e+02
1.759000000000000000e+03
5.963000000000000000e+03
6.908000000000000000e+03
2.726000000000000000e+03
-1.495000000000000000e+03
-1.110000000000000000e+02
-1.045000000000000000e+03
1.200000000000000000e+03
3.998000000000000000e+03
-8.204000000000000000e+03
-8.849000000000000000e+03
-2.382000000000000000e+03
-9.434000000000000000e+03
-1.295400000000000000e+04
-1.736400000000000000e+04
-2.030900000000000000e+04
-7.135000000000000000e+03
5.896000000000000000e+03
1.184000000000000000e+04
1.558300000000000000e+04
8.828000000000000000e+03
8.460000000000000000e+03
1.615700000000000000e+04
1.124200000000000000e+04
1.011900000000000000e+04
7.375000000000000000e+03
-5.106000000000000000e+03
-3.141000000000000000e+03
-9.700000000000000000e+01
-5.879000000000000000e+03
-4.596000000000000000e+03
-5.026000000000000000e+03
-7.796000000000000000e+03
-6.221000000000000000e+03
-5.962000000000000000e+03
-4.411000000000000000e+03
-6.446000000000000000e+03
-1.321600000000000000e+04
-1.261300000000000000e+04
-7.836000000000000000e+03
-4.748000000000000000e+03
-9.300000000000000000e+01
3.372000000000000000e+03
2.673000000000000000e+03
6.921000000000000000e+03
1.708600000000000000e+04
1.893400000000000000e+04
1.505300000000000000e+04
1.576100000000000000e+04
1.709100000000000000e+04
1.195800000000000000e+04
6.080000000000000000e+03
2.768000000000000000e+03
-5.254000000000000000e+03
-7.696000000000000000e+03
-8.626000000000000000e+03
-1.568900000000000000e+04
-1.289700000000000000e+04
-7.980000000000000000e+03
-3.288000000000000000e+03
2.188000000000000000e+03
1.000000000000000000e+03
2.999000000000000000e+03
3.930000000000000000e+02
-4.960000000000000000e+03
-2.428000000000000000e+03
8.700000000000000000e+02
1.873000000000000000e+03
-1.043000000000000000e+03
-1.800000000000000000e+02
1.776000000000000000e+03
3.912000000000000000e+03
1.199000000000000000e+04
1.179600000000000000e+04
5.992000000000000000e+03
6.198000000000000000e+03
5.436000000000000000e+03
1.645000000000000000e+03
-2.555000000000000000e+03
-7.889000000000000000e+03
-1.091600000000000000e+04
-1.373000000000000000e+04
-1.343000000000000000e+04
-3.277000000000000000e+03
4.258000000000000000e+03
7.481000000000000000e+03
8.643000000000000000e+03
1.602000000000000000e+03
1.408000000000000000e+03
5.189000000000000000e+03
4.620000000000000000e+02
-3.124000000000000000e+03
-7.575000000000000000e+03
-8.112000000000000000e+03
-1.242000000000000000e+03
1.550000000000000000e+02
-1.557000000000000000e+03
-2.386000000000000000e+03
-3.049000000000000000e+03
2.291000000000000000e+03
7.406000000000000000e+03
5.766000000000000000e+03
3.585000000000000000e+03
-1.662000000000000000e+03
-8.908000000000000000e+03
-8.274000000000000000e+03
-1.893000000000000000e+03
-6.030000000000000000e+02
-3.097000000000000000e+03
-7.164000000000000000e+03
-7.420000000000000000e+03
4.066000000000000000e+03
9.605000000000000000e+03
5.819000000000000000e+03
1.849000000000000000e+03
-5.050000000000000000e+03
-6.850000000000000000e+02
4.340000000000000000e+03
-3.245000000000000000e+03
-7.948000000000000000e+03
-1.016200000000000000e+04
-1.080100000000000000e+04
-7.790000000000000000e+03
-4.149000000000000000e+03
-8.140000000000000000e+02
5.846000000000000000e+03
1.272300000000000000e+04
1.419300000000000000e+04
1.382900000000000000e+04
1.081000000000000000e+04
5.910000000000000000e+03
1.584000000000000000e+03
1.069000000000000000e+03
1.119000000000000000e+03
-1.607000000000000000e+03
-2.299000000000000000e+03
-4.687000000000000000e+03
-6.358000000000000000e+03
-1.778000000000000000e+03
-6.060000000000000000e+02
-5.432000000000000000e+03
-4.993000000000000000e+03
-3.701000000000000000e+03
-7.484000000000000000e+03
-8.255000000000000000e+03
-1.271600000000000000e+04
-1.562700000000000000e+04
-8.527000000000000000e+03
-2.286000000000000000e+03
9.685000000000000000e+03
2.076700000000000000e+04
1.871800000000000000e+04
1.503700000000000000e+04
1.358000000000000000e+04
1.544400000000000000e+04
2.053600000000000000e+04
2.039600000000000000e+04
1.177400000000000000e+04
-3.160000000000000000e+02
-4.770000000000000000e+03
-2.260000000000000000e+02
-2.901000000000000000e+03
-1.083300000000000000e+04
-1.404200000000000000e+04
-1.435700000000000000e+04
-8.252000000000000000e+03
-4.557000000000000000e+03
-1.109200000000000000e+04
-1.924900000000000000e+04
-2.153600000000000000e+04
-1.527400000000000000e+04
-5.714000000000000000e+03
4.187000000000000000e+03
7.096000000000000000e+03
1.298000000000000000e+03
3.029000000000000000e+03
7.176000000000000000e+03
1.304100000000000000e+04
2.629200000000000000e+04
2.286600000000000000e+04
1.269900000000000000e+04
1.767100000000000000e+04
1.442100000000000000e+04
8.100000000000000000e+03
5.511000000000000000e+03
-1.316000000000000000e+04
-1.971400000000000000e+04
-1.212500000000000000e+04
-1.433900000000000000e+04
-1.352300000000000000e+04
-1.524300000000000000e+04
-1.500700000000000000e+04
-5.332000000000000000e+03
-2.423000000000000000e+03
-2.570000000000000000e+02
6.619000000000000000e+03
5.573000000000000000e+03
-5.600000000000000000e+02
-3.150000000000000000e+03
-5.848000000000000000e+03
-2.950000000000000000e+02
9.849000000000000000e+03
7.561000000000000000e+03
4.638000000000000000e+03
2.481000000000000000e+03
3.060000000000000000e+03
1.100800000000000000e+04
7.402000000000000000e+03
-7.250000000000000000e+02
-5.993000000000000000e+03
-1.425700000000000000e+04
-1.339700000000000000e+04
-6.232000000000000000e+03
-6.700000000000000000e+03
-9.534000000000000000e+03
-8.142000000000000000e+03
-3.366000000000000000e+03
9.861000000000000000e+03
2.076700000000000000e+04
1.205800000000000000e+04
5.650000000000000000e+02
6.610000000000000000e+02
3.560000000000000000e+03
8.407000000000000000e+03
5.082000000000000000e+03
-8.865000000000000000e+03
-1.155000000000000000e+04
-5.534000000000000000e+03
-1.618000000000000000e+03
-1.932000000000000000e+03
-5.582000000000000000e+03
-2.949000000000000000e+03
2.280000000000000000e+02
-7.190000000000000000e+02
-3.818000000000000000e+03
-8.293000000000000000e+03
-8.336000000000000000e+03
-4.437000000000000000e+03
1.786000000000000000e+03
4.170000000000000000e+03
3.548000000000000000e+03
7.938000000000000000e+03
1.331500000000000000e+04
1.335500000000000000e+04
1.707500000000000000e+04
2.392300000000000000e+04
1.251900000000000000e+04
3.350000000000000000e+03
8.948000000000000000e+03
3.373000000000000000e+03
-1.566000000000000000e+03
-3.731000000000000000e+03
-1.689600000000000000e+04
-2.154100000000000000e+04
-1.347400000000000000e+04
-1.079200000000000000e+04
-1.163200000000000000e+04
-1.241000000000000000e+04
-1.199700000000000000e+04
-4.031000000000000000e+03
2.106000000000000000e+03
4.773000000000000000e+03
9.850000000000000000e+03
1.174000000000000000e+04
9.134000000000000000e+03
5.328000000000000000e+03
7.403000000000000000e+03
9.438000000000000000e+03
1.395500000000000000e+04
1.859600000000000000e+04
5.057000000000000000e+03
2.613000000000000000e+03
8.389000000000000000e+03
3.176000000000000000e+03
4.589000000000000000e+03
-5.005000000000000000e+03
-1.648700000000000000e+04
-1.646300000000000000e+04
-2.271100000000000000e+04
-2.371300000000000000e+04
-2.043300000000000000e+04
-2.152100000000000000e+04
-1.833300000000000000e+04
-9.336000000000000000e+03
1.490000000000000000e+03
1.294000000000000000e+04
1.919100000000000000e+04
1.262600000000000000e+04
8.637000000000000000e+03
1.119600000000000000e+04
1.287900000000000000e+04
1.735800000000000000e+04
1.062800000000000000e+04
2.545000000000000000e+03
9.777000000000000000e+03
1.207400000000000000e+04
1.344700000000000000e+04
1.462500000000000000e+04
5.819000000000000000e+03
4.422000000000000000e+03
2.618000000000000000e+03
-4.341000000000000000e+03
-8.467000000000000000e+03
-1.606100000000000000e+04
-2.358600000000000000e+04
-2.758200000000000000e+04
-2.683600000000000000e+04
-2.099300000000000000e+04
-1.173600000000000000e+04
-2.263000000000000000e+03
4.887000000000000000e+03
7.881000000000000000e+03
6.947000000000000000e+03
1.155400000000000000e+04
1.399200000000000000e+04
8.554000000000000000e+03
1.017900000000000000e+04
1.194200000000000000e+04
8.339000000000000000e+03
1.033900000000000000e+04
1.377500000000000000e+04
8.356000000000000000e+03
2.340000000000000000e+03
4.294000000000000000e+03
2.096000000000000000e+03
-1.132000000000000000e+03
-2.340000000000000000e+03
-1.024700000000000000e+04
-1.824000000000000000e+04
-1.822400000000000000e+04
-1.036800000000000000e+04
-7.737000000000000000e+03
-1.306500000000000000e+04
-1.581000000000000000e+04
-1.530100000000000000e+04
-1.164600000000000000e+04
-2.949000000000000000e+03
3.900000000000000000e+01
-6.616000000000000000e+03
-4.864000000000000000e+03
2.690000000000000000e+03
9.938000000000000000e+03
1.535200000000000000e+04
1.032000000000000000e+04
8.885000000000000000e+03
1.053200000000000000e+04
7.214000000000000000e+03
7.798000000000000000e+03
5.759000000000000000e+03
-3.243000000000000000e+03
-9.008000000000000000e+03
-7.101000000000000000e+03
-6.046000000000000000e+03
1.237000000000000000e+03
1.115900000000000000e+04
6.045000000000000000e+03
1.887000000000000000e+03
-2.422000000000000000e+03
-7.182000000000000000e+03
4.720000000000000000e+02
1.989000000000000000e+03
-4.963000000000000000e+03
-1.189900000000000000e+04
-1.989100000000000000e+04
-1.395000000000000000e+04
7.600000000000000000e+02
1.973000000000000000e+03
-2.176000000000000000e+03
-4.183000000000000000e+03
-4.648000000000000000e+03
2.801000000000000000e+03
7.153000000000000000e+03
-6.740000000000000000e+02
-9.293000000000000000e+03
-1.132000000000000000e+04
-9.559000000000000000e+03
-6.520000000000000000e+03
-1.323000000000000000e+03
5.907000000000000000e+03
1.325300000000000000e+04
1.414200000000000000e+04
1.421500000000000000e+04
1.714100000000000000e+04
1.673600000000000000e+04
2.084700000000000000e+04
1.738200000000000000e+04
6.794000000000000000e+03
6.364000000000000000e+03
1.947000000000000000e+03
-3.279000000000000000e+03
-4.910000000000000000e+02
-4.580000000000000000e+03
-6.573000000000000000e+03
-6.160000000000000000e+02
-6.451000000000000000e+03
-1.243400000000000000e+04
-7.979000000000000000e+03
-9.135000000000000000e+03
-9.175000000000000000e+03
-6.255000000000000000e+03
-5.258000000000000000e+03
3.668000000000000000e+03
9.993000000000000000e+03
7.931000000000000000e+03
3.577000000000000000e+03
-3.173000000000000000e+03
1.425000000000000000e+03
1.218500000000000000e+04
1.159200000000000000e+04
1.072400000000000000e+04
1.098400000000000000e+04
8.749000000000000000e+03
1.304000000000000000e+04
1.188200000000000000e+04
6.357000000000000000e+03
5.690000000000000000e+03
-1.438000000000000000e+03
-6.350000000000000000e+03
-1.023100000000000000e+04
-2.076200000000000000e+04
-2.066200000000000000e+04
-1.705600000000000000e+04
-1.926600000000000000e+04
-9.164000000000000000e+03
3.621000000000000000e+03
5.241000000000000000e+03
9.762000000000000000e+03
8.932000000000000000e+03
4.643000000000000000e+03
8.303000000000000000e+03
7.768000000000000000e+03
6.882000000000000000e+03
6.254000000000000000e+03
3.259000000000000000e+03
2.670000000000000000e+02
-1.863000000000000000e+03
3.659000000000000000e+03
9.125000000000000000e+03
1.067700000000000000e+04
7.359000000000000000e+03
1.158000000000000000e+03
-1.658000000000000000e+03
-5.596000000000000000e+03
-9.953000000000000000e+03
-2.133900000000000000e+04
-3.130100000000000000e+04
-2.920300000000000000e+04
-2.676600000000000000e+04
-1.805100000000000000e+04
-9.521000000000000000e+03
-8.644000000000000000e+03
-3.431000000000000000e+03
-2.074000000000000000e+03
-3.466000000000000000e+03
5.433000000000000000e+03
1.431700000000000000e+04
1.269000000000000000e+04
8.246000000000000000e+03
7.180000000000000000e+02
-4.225000000000000000e+03
2.550000000000000000e+03
6.122000000000000000e+03
5.002000000000000000e+03
7.130000000000000000e+02
-1.903000000000000000e+03
7.925000000000000000e+03
1.145400000000000000e+04
6.295000000000000000e+03
2.642000000000000000e+03
-3.328000000000000000e+03
-6.644000000000000000e+03
-6.417000000000000000e+03
-4.083000000000000000e+03
-1.093000000000000000e+03
-2.890000000000000000e+02
-2.223000000000000000e+03
-6.713000000000000000e+03
-6.674000000000000000e+03
3.778000000000000000e+03
1.289200000000000000e+04
1.078100000000000000e+04
7.841000000000000000e+03
3.359000000000000000e+03
4.623000000000000000e+03
1.658400000000000000e+04
1.567100000000000000e+04
8.944000000000000000e+03
9.656000000000000000e+03
9.050000000000000000e+03
9.475000000000000000e+03
1.071400000000000000e+04
6.484000000000000000e+03
1.192000000000000000e+03
-1.811000000000000000e+03
-6.449000000000000000e+03
-5.915000000000000000e+03
7.400000000000000000e+02
3.036000000000000000e+03
5.815000000000000000e+03
4.164000000000000000e+03
-4.017000000000000000e+03
-3.381000000000000000e+03
1.692000000000000000e+03
8.390000000000000000e+02
-6.147000000000000000e+03
-1.382600000000000000e+04
-1.928500000000000000e+04
-2.016300000000000000e+04
-1.760700000000000000e+04
-1.424200000000000000e+04
-9.782000000000000000e+03
-1.007300000000000000e+04
-4.240000000000000000e+03
4.436000000000000000e+03
5.555000000000000000e+03
7.049000000000000000e+03
2.824000000000000000e+03
-2.090000000000000000e+03
-4.949000000000000000e+03
-7.345000000000000000e+03
-3.667000000000000000e+03
1.220000000000000000e+03
4.800000000000000000e+03
4.798000000000000000e+03
4.689000000000000000e+03
1.086000000000000000e+03
3.253000000000000000e+03
1.523900000000000000e+04
1.422200000000000000e+04
1.042100000000000000e+04
1.206000000000000000e+03
-1.337200000000000000e+04
-9.674000000000000000e+03
-1.709000000000000000e+03
-1.001000000000000000e+03
-7.367000000000000000e+03
-1.408000000000000000e+04
-1.281300000000000000e+04
-4.153000000000000000e+03
6.408000000000000000e+03
2.376000000000000000e+03
-6.141000000000000000e+03
-9.712000000000000000e+03
-7.607000000000000000e+03
1.558000000000000000e+03
1.294000000000000000e+03
3.216000000000000000e+03
6.020000000000000000e+03
3.495000000000000000e+03
8.598000000000000000e+03
6.152000000000000000e+03
1.892000000000000000e+03
3.747000000000000000e+03
3.667000000000000000e+03
5.273000000000000000e+03
4.454000000000000000e+03
1.046000000000000000e+03
1.820000000000000000e+02
3.000000000000000000e+03
7.281000000000000000e+03
1.052400000000000000e+04
7.139000000000000000e+03
7.530000000000000000e+02
3.569000000000000000e+03
3.770000000000000000e+03
-3.387000000000000000e+03
-8.347000000000000000e+03
-1.574000000000000000e+04
-1.767100000000000000e+04
-1.092800000000000000e+04
-5.027000000000000000e+03
3.366000000000000000e+03
5.529000000000000000e+03
4.781000000000000000e+03
9.681000000000000000e+03
4.139000000000000000e+03
2.196000000000000000e+03
8.535000000000000000e+03
8.342000000000000000e+03
9.414000000000000000e+03
5.432000000000000000e+03
2.363000000000000000e+03
4.302000000000000000e+03
2.907000000000000000e+03
7.154000000000000000e+03
8.614000000000000000e+03
6.519000000000000000e+03
1.063200000000000000e+04
1.414000000000000000e+04
1.223300000000000000e+04
5.946000000000000000e+03
3.001000000000000000e+03
-3.246000000000000000e+03
-9.786000000000000000e+03
-5.659000000000000000e+03
-4.549000000000000000e+03
-5.350000000000000000e+02
2.906000000000000000e+03
-2.392000000000000000e+03
-6.068000000000000000e+03
-8.203000000000000000e+03
-2.675000000000000000e+03
-1.220000000000000000e+03
-4.961000000000000000e+03
-5.373000000000000000e+03
-8.657000000000000000e+03
-6.285000000000000000e+03
-3.140000000000000000e+03
-2.067000000000000000e+03
-2.263000000000000000e+03
-3.609000000000000000e+03
1.553000000000000000e+03
5.306000000000000000e+03
9.018000000000000000e+03
5.723000000000000000e+03
-4.231000000000000000e+03
-5.795000000000000000e+03
-8.718000000000000000e+03
-6.608000000000000000e+03
-1.654000000000000000e+03
-5.057000000000000000e+03
-2.836000000000000000e+03
1.241000000000000000e+03
3.314000000000000000e+03
7.913000000000000000e+03
6.607000000000000000e+03
1.364000000000000000e+03
-2.105000000000000000e+03
-5.491000000000000000e+03
-8.523000000000000000e+03
-1.098300000000000000e+04
-1.362200000000000000e+04
-1.655800000000000000e+04
-1.702800000000000000e+04
-1.109500000000000000e+04
-5.232000000000000000e+03
-2.429000000000000000e+03
1.850000000000000000e+03
3.348000000000000000e+03
4.440000000000000000e+03
6.668000000000000000e+03
3.668000000000000000e+03
-1.211000000000000000e+03
-2.693000000000000000e+03
-3.427000000000000000e+03
-5.180000000000000000e+03
-6.630000000000000000e+03
-5.458000000000000000e+03
7.080000000000000000e+02
5.814000000000000000e+03
1.125000000000000000e+04
1.296600000000000000e+04
6.225000000000000000e+03
5.617000000000000000e+03
7.513000000000000000e+03
6.232000000000000000e+03
3.709000000000000000e+03
-3.761000000000000000e+03
-7.386000000000000000e+03
-7.174000000000000000e+03
-6.289000000000000000e+03
5.470000000000000000e+02
2.080000000000000000e+03
-2.968000000000000000e+03
-3.737000000000000000e+03
-2.169000000000000000e+03
2.940000000000000000e+02
1.229000000000000000e+03
-2.690000000000000000e+03
-7.388000000000000000e+03
-5.942000000000000000e+03
-2.270000000000000000e+03
1.141000000000000000e+03
6.402000000000000000e+03
6.376000000000000000e+03
7.270000000000000000e+03
1.234500000000000000e+04
1.215300000000000000e+04
1.138200000000000000e+04
1.145700000000000000e+04
1.028100000000000000e+04
9.742000000000000000e+03
8.207000000000000000e+03
5.967000000000000000e+03
3.545000000000000000e+03
3.449000000000000000e+03
5.598000000000000000e+03
7.711000000000000000e+03
7.127000000000000000e+03
3.187000000000000000e+03
1.666000000000000000e+03
3.300000000000000000e+01
-1.654000000000000000e+03
-2.239000000000000000e+03
-8.274000000000000000e+03
-1.110000000000000000e+04
-8.909000000000000000e+03
-1.149500000000000000e+04
-1.146700000000000000e+04
-7.553000000000000000e+03
-3.214000000000000000e+03
1.744000000000000000e+03
4.378000000000000000e+03
5.658000000000000000e+03
1.526000000000000000e+03
4.001000000000000000e+03
1.256200000000000000e+04
7.775000000000000000e+03
5.397000000000000000e+03
2.787000000000000000e+03
-5.919000000000000000e+03
-8.020000000000000000e+02
5.385000000000000000e+03
3.956000000000000000e+03
-2.260000000000000000e+02
-6.079000000000000000e+03
-2.528000000000000000e+03
2.351000000000000000e+03
1.278000000000000000e+03
-5.900000000000000000e+02
-8.099000000000000000e+03
-1.458600000000000000e+04
-1.013100000000000000e+04
-4.520000000000000000e+03
-7.783000000000000000e+03
-1.308700000000000000e+04
-1.397400000000000000e+04
-9.874000000000000000e+03
-9.310000000000000000e+02
3.403000000000000000e+03
2.877000000000000000e+03
9.140000000000000000e+02
-1.816000000000000000e+03
5.067000000000000000e+03
8.476000000000000000e+03
-4.910000000000000000e+02
-1.830000000000000000e+03
-1.015000000000000000e+03
-7.620000000000000000e+02
4.713000000000000000e+03
1.579000000000000000e+03
-2.944000000000000000e+03
6.940000000000000000e+02
3.281000000000000000e+03
1.788000000000000000e+03
1.929000000000000000e+03
5.700000000000000000e+01
-4.552000000000000000e+03
-2.579000000000000000e+03
-3.938000000000000000e+03
-7.860000000000000000e+03
-8.208000000000000000e+03
-1.146600000000000000e+04
-7.451000000000000000e+03
-4.083000000000000000e+03
-4.199000000000000000e+03
2.930000000000000000e+03
4.217000000000000000e+03
4.427000000000000000e+03
8.434000000000000000e+03
6.617000000000000000e+03
5.984000000000000000e+03
5.756000000000000000e+03
2.990000000000000000e+03
4.194000000000000000e+03
2.848000000000000000e+03
4.930000000000000000e+02
3.057000000000000000e+03
1.957000000000000000e+03
6.650000000000000000e+02
6.770000000000000000e+02
-4.960000000000000000e+02
1.383000000000000000e+03
-2.394000000000000000e+03
-6.136000000000000000e+03
-3.817000000000000000e+03
-5.212000000000000000e+03
-2.608000000000000000e+03
6.900000000000000000e+01
-3.495000000000000000e+03
-3.071000000000000000e+03
2.117000000000000000e+03
9.660000000000000000e+03
1.484700000000000000e+04
1.326300000000000000e+04
8.757000000000000000e+03
5.764000000000000000e+03
4.659000000000000000e+03
7.621000000000000000e+03
9.350000000000000000e+03
3.774000000000000000e+03
1.358000000000000000e+03
1.858000000000000000e+03
1.576000000000000000e+03
4.768000000000000000e+03
2.057000000000000000e+03
-2.869000000000000000e+03
-2.510000000000000000e+03
-3.171000000000000000e+03
-7.600000000000000000e+01
6.900000000000000000e+01
-4.702000000000000000e+03
-5.077000000000000000e+03
-7.073000000000000000e+03
-6.637000000000000000e+03
-4.850000000000000000e+03
-6.104000000000000000e+03
-4.912000000000000000e+03
-2.430000000000000000e+03
1.955000000000000000e+03
3.679000000000000000e+03
4.013000000000000000e+03
4.732000000000000000e+03
1.526000000000000000e+03
5.219000000000000000e+03
9.652000000000000000e+03
6.726000000000000000e+03
7.773000000000000000e+03
6.988000000000000000e+03
3.971000000000000000e+03
5.377000000000000000e+03
2.885000000000000000e+03
-1.442000000000000000e+03
-4.080000000000000000e+03
-6.844000000000000000e+03
-5.680000000000000000e+03
-6.614000000000000000e+03
-1.028700000000000000e+04
-9.321000000000000000e+03
-9.264000000000000000e+03
-1.051500000000000000e+04
-7.681000000000000000e+03
-6.406000000000000000e+03
-5.484000000000000000e+03
-1.073000000000000000e+03
-4.926000000000000000e+03
-7.400000000000000000e+03
-1.443000000000000000e+03
-5.280000000000000000e+02
4.228000000000000000e+03
6.397000000000000000e+03
1.248000000000000000e+03
3.751000000000000000e+03
7.324000000000000000e+03
9.787000000000000000e+03
9.247000000000000000e+03
3.630000000000000000e+03
2.587000000000000000e+03
3.115000000000000000e+03
2.925000000000000000e+03
2.615000000000000000e+03
-1.300000000000000000e+03
-7.278000000000000000e+03
-9.480000000000000000e+03
-5.614000000000000000e+03
-5.403000000000000000e+03
-7.031000000000000000e+03
-4.634000000000000000e+03
-4.661000000000000000e+03
-4.553000000000000000e+03
-2.163000000000000000e+03
-1.151000000000000000e+03
-2.332000000000000000e+03
-2.881000000000000000e+03
-2.759000000000000000e+03
-2.638000000000000000e+03
-1.350000000000000000e+02
-2.080000000000000000e+02
1.983000000000000000e+03
6.442000000000000000e+03
5.190000000000000000e+03
7.960000000000000000e+03
9.420000000000000000e+03
9.446000000000000000e+03
1.358000000000000000e+04
1.044700000000000000e+04
7.457000000000000000e+03
2.969000000000000000e+03
-2.123000000000000000e+03
1.339000000000000000e+03
5.740000000000000000e+02
-4.917000000000000000e+03
-1.030200000000000000e+04
-1.129000000000000000e+04
-8.011000000000000000e+03
-5.617000000000000000e+03
-2.541000000000000000e+03
-4.828000000000000000e+03
-5.803000000000000000e+03
-2.769000000000000000e+03
-1.429000000000000000e+03
1.542000000000000000e+03
-2.325000000000000000e+03
-7.002000000000000000e+03
-6.397000000000000000e+03
-6.611000000000000000e+03
-2.858000000000000000e+03
1.612000000000000000e+03
5.293000000000000000e+03
7.542000000000000000e+03
6.348000000000000000e+03
7.785000000000000000e+03
9.798000000000000000e+03
9.798000000000000000e+03
1.062200000000000000e+04
7.683000000000000000e+03
2.412000000000000000e+03
1.791000000000000000e+03
1.420000000000000000e+02
-1.926000000000000000e+03
-6.860000000000000000e+02
-2.303000000000000000e+03
-4.510000000000000000e+03
-3.999000000000000000e+03
-4.753000000000000000e+03
-3.134000000000000000e+03
9.010000000000000000e+02
3.980000000000000000e+02
-5.500000000000000000e+02
-5.000000000000000000e+00
-2.489000000000000000e+03
-2.546000000000000000e+03
-1.230000000000000000e+02
-4.472000000000000000e+03
-5.577000000000000000e+03
-2.270000000000000000e+03
-3.436000000000000000e+03
1.179000000000000000e+03
5.501000000000000000e+03
5.299000000000000000e+03
6.702000000000000000e+03
4.817000000000000000e+03
4.074000000000000000e+03
7.303000000000000000e+03
9.829000000000000000e+03
8.052000000000000000e+03
4.422000000000000000e+03
8.960000000000000000e+02
-2.233000000000000000e+03
-1.080000000000000000e+02
1.780000000000000000e+02
-2.867000000000000000e+03
-5.953000000000000000e+03
-7.382000000000000000e+03
-8.680000000000000000e+02
1.675000000000000000e+03
-7.070000000000000000e+02
-1.142000000000000000e+03
-6.586000000000000000e+03
-6.598000000000000000e+03
3.260000000000000000e+02
-1.246000000000000000e+03
-3.475000000000000000e+03
-3.012000000000000000e+03
-8.262000000000000000e+03
-7.709000000000000000e+03
-9.310000000000000000e+02
2.404000000000000000e+03
7.338000000000000000e+03
9.496000000000000000e+03
7.111000000000000000e+03
6.896000000000000000e+03
5.536000000000000000e+03
5.921000000000000000e+03
6.159000000000000000e+03
1.788000000000000000e+03
-7.110000000000000000e+02
-2.992000000000000000e+03
-4.277000000000000000e+03
-3.601000000000000000e+03
-3.063000000000000000e+03
-3.658000000000000000e+03
-6.652000000000000000e+03
-6.020000000000000000e+03
-3.524000000000000000e+03
-1.679000000000000000e+03
1.351000000000000000e+03
-3.800000000000000000e+02
-4.563000000000000000e+03
-5.468000000000000000e+03
-2.923000000000000000e+03
2.244000000000000000e+03
1.660000000000000000e+03
-2.680000000000000000e+02
-1.799000000000000000e+03
-7.071000000000000000e+03
-3.048000000000000000e+03
1.205000000000000000e+03
1.776000000000000000e+03
7.725000000000000000e+03
7.213000000000000000e+03
5.617000000000000000e+03
6.852000000000000000e+03
2.889000000000000000e+03
5.716000000000000000e+03
9.668000000000000000e+03
1.422000000000000000e+03
-3.459000000000000000e+03
-3.075000000000000000e+03
-3.230000000000000000e+03
3.360000000000000000e+02
2.615000000000000000e+03
-8.660000000000000000e+02
-6.035000000000000000e+03
-3.877000000000000000e+03
9.680000000000000000e+02
1.189000000000000000e+03
4.740000000000000000e+02
-3.686000000000000000e+03
-8.754000000000000000e+03
-6.136000000000000000e+03
-2.452000000000000000e+03
-2.309000000000000000e+03
-2.380000000000000000e+02
-1.247000000000000000e+03
-1.370000000000000000e+03
1.687000000000000000e+03
9.040000000000000000e+02
9.310000000000000000e+02
-1.790000000000000000e+03
-4.806000000000000000e+03
-2.210000000000000000e+02
3.719000000000000000e+03
2.294000000000000000e+03
1.374000000000000000e+03
1.371000000000000000e+03
7.760000000000000000e+02
7.033000000000000000e+03
1.190200000000000000e+04
4.647000000000000000e+03
-5.720000000000000000e+02
-4.390000000000000000e+02
-3.900000000000000000e+02
2.250000000000000000e+03
-8.660000000000000000e+02
-6.905000000000000000e+03
-7.497000000000000000e+03
-5.819000000000000000e+03
-6.720000000000000000e+02
1.904000000000000000e+03
-1.184000000000000000e+03
-2.193000000000000000e+03
-4.150000000000000000e+02
5.320000000000000000e+02
3.027000000000000000e+03
4.176000000000000000e+03
8.610000000000000000e+02
-6.060000000000000000e+02
-1.895000000000000000e+03
-2.886000000000000000e+03
-2.459000000000000000e+03
-2.584000000000000000e+03
-2.838000000000000000e+03
-4.126000000000000000e+03
-1.963000000000000000e+03
1.706000000000000000e+03
3.180000000000000000e+03
3.148000000000000000e+03
7.500000000000000000e+02
2.916000000000000000e+03
6.594000000000000000e+03
6.617000000000000000e+03
6.326000000000000000e+03
1.306000000000000000e+03
-1.244000000000000000e+03
1.505000000000000000e+03
1.084000000000000000e+03
1.710000000000000000e+02
-2.698000000000000000e+03
-5.688000000000000000e+03
-3.164000000000000000e+03
9.730000000000000000e+02
1.685000000000000000e+03
-4.230000000000000000e+02
-1.798000000000000000e+03
-2.112000000000000000e+03
8.130000000000000000e+02
4.033000000000000000e+03
2.025000000000000000e+03
-1.200000000000000000e+02
-1.698000000000000000e+03
-4.267000000000000000e+03
-3.198000000000000000e+03
-1.479000000000000000e+03
-3.631000000000000000e+03
-4.661000000000000000e+03
-4.622000000000000000e+03
-4.966000000000000000e+03
-1.439000000000000000e+03
2.948000000000000000e+03
4.013000000000000000e+03
2.390000000000000000e+03
2.453000000000000000e+03
4.005000000000000000e+03
4.859000000000000000e+03
6.586000000000000000e+03
3.917000000000000000e+03
7.390000000000000000e+02
1.775000000000000000e+03
1.067000000000000000e+03
2.273000000000000000e+03
1.517000000000000000e+03
-4.666000000000000000e+03
-3.637000000000000000e+03
-3.640000000000000000e+02
-4.620000000000000000e+02
1.766000000000000000e+03
3.680000000000000000e+02
-2.156000000000000000e+03
3.130000000000000000e+02
8.390000000000000000e+02
-9.930000000000000000e+02
-3.490000000000000000e+02
-6.280000000000000000e+02
-1.200000000000000000e+02
5.580000000000000000e+02
-3.081000000000000000e+03
-3.715000000000000000e+03
-3.450000000000000000e+03
-5.034000000000000000e+03
-4.422000000000000000e+03
-3.251000000000000000e+03
-2.232000000000000000e+03
-1.096000000000000000e+03
1.512000000000000000e+03
1.983000000000000000e+03
1.770000000000000000e+03
5.294000000000000000e+03
7.213000000000000000e+03
6.327000000000000000e+03
5.850000000000000000e+03
5.304000000000000000e+03
2.507000000000000000e+03
-6.740000000000000000e+02
-8.190000000000000000e+02
-1.333000000000000000e+03
-2.695000000000000000e+03
-1.720000000000000000e+03
-1.444000000000000000e+03
0.000000000000000000e+00
3.039000000000000000e+03
2.223000000000000000e+03
2.000000000000000000e+01
-1.400000000000000000e+01
1.646000000000000000e+03
2.581000000000000000e+03
6.740000000000000000e+02
-2.413000000000000000e+03
-4.068000000000000000e+03
-3.379000000000000000e+03
-3.024000000000000000e+03
-4.898000000000000000e+03
-6.674000000000000000e+03
-7.223000000000000000e+03
-5.594000000000000000e+03
-3.241000000000000000e+03
-2.111000000000000000e+03
-3.860000000000000000e+02
1.068000000000000000e+03
2.168000000000000000e+03
3.700000000000000000e+03
4.646000000000000000e+03
5.863000000000000000e+03
6.932000000000000000e+03
5.471000000000000000e+03
2.577000000000000000e+03
2.444000000000000000e+03
3.372000000000000000e+03
1.897000000000000000e+03
6.520000000000000000e+02
-8.490000000000000000e+02
-3.140000000000000000e+03
-3.358000000000000000e+03
-2.068000000000000000e+03
-9.110000000000000000e+02
-2.233000000000000000e+03
-3.316000000000000000e+03
-2.510000000000000000e+03
-3.943000000000000000e+03
-3.601000000000000000e+03
-1.520000000000000000e+03
-2.904000000000000000e+03
-4.225000000000000000e+03
-3.007000000000000000e+03
-9.110000000000000000e+02
-6.080000000000000000e+02
-1.292000000000000000e+03
-1.273000000000000000e+03
-3.223000000000000000e+03
-3.034000000000000000e+03
6.340000000000000000e+02
2.284000000000000000e+03
4.490000000000000000e+03
5.981000000000000000e+03
4.669000000000000000e+03
4.676000000000000000e+03
4.797000000000000000e+03
5.777000000000000000e+03
7.200000000000000000e+03
4.959000000000000000e+03
1.977000000000000000e+03
4.980000000000000000e+02
2.100000000000000000e+02
1.561000000000000000e+03
1.314000000000000000e+03
-2.440000000000000000e+03
-5.125000000000000000e+03
-3.278000000000000000e+03
-5.330000000000000000e+02
7.140000000000000000e+02
-4.900000000000000000e+01
-2.858000000000000000e+03
-2.579000000000000000e+03
1.770000000000000000e+02
1.872000000000000000e+03
2.833000000000000000e+03
1.268000000000000000e+03
0.000000000000000000e+00
1.002000000000000000e+03
5.020000000000000000e+02
-6.490000000000000000e+02
-1.294000000000000000e+03
-2.546000000000000000e+03
-3.093000000000000000e+03
-2.998000000000000000e+03
-2.182000000000000000e+03
-9.500000000000000000e+01
-1.320000000000000000e+02
-3.430000000000000000e+02
2.048000000000000000e+03
2.180000000000000000e+03
3.571000000000000000e+03
6.917000000000000000e+03
3.922000000000000000e+03
1.438000000000000000e+03
1.767000000000000000e+03
-5.800000000000000000e+02
7.340000000000000000e+02
1.512000000000000000e+03
-1.112000000000000000e+03
-1.057000000000000000e+03
-2.695000000000000000e+03
-3.027000000000000000e+03
-1.475000000000000000e+03
-3.224000000000000000e+03
-2.982000000000000000e+03
-2.512000000000000000e+03
-2.638000000000000000e+03
-4.230000000000000000e+02
-4.650000000000000000e+02
-6.540000000000000000e+02
5.580000000000000000e+02
-2.740000000000000000e+02
3.000000000000000000e+02
8.380000000000000000e+02
-1.306000000000000000e+03
-5.840000000000000000e+02
1.280000000000000000e+02
-1.935000000000000000e+03
-1.514000000000000000e+03
-1.413000000000000000e+03
-2.133000000000000000e+03
2.050000000000000000e+02
1.014000000000000000e+03
-4.550000000000000000e+02
-2.300000000000000000e+01
1.359000000000000000e+03
2.690000000000000000e+03
3.625000000000000000e+03
2.316000000000000000e+03
1.034000000000000000e+03
1.503000000000000000e+03
3.590000000000000000e+02
-2.590000000000000000e+02
4.810000000000000000e+02
-1.594000000000000000e+03
-2.307000000000000000e+03
-1.446000000000000000e+03
-2.002000000000000000e+03
-5.600000000000000000e+02
-1.524000000000000000e+03
-3.695000000000000000e+03
-2.108000000000000000e+03
-2.063000000000000000e+03
-9.240000000000000000e+02
1.325000000000000000e+03
2.880000000000000000e+02
4.090000000000000000e+02
1.767000000000000000e+03
2.404000000000000000e+03
2.984000000000000000e+03
1.495000000000000000e+03
-2.320000000000000000e+02
4.780000000000000000e+02
-1.460000000000000000e+03
-3.379000000000000000e+03
-2.175000000000000000e+03
-4.261000000000000000e+03
-4.290000000000000000e+03
-1.232000000000000000e+03
-2.820000000000000000e+02
1.798000000000000000e+03
2.957000000000000000e+03
2.868000000000000000e+03
3.313000000000000000e+03
4.224000000000000000e+03
5.548000000000000000e+03
3.444000000000000000e+03
9.380000000000000000e+02
1.245000000000000000e+03
5.960000000000000000e+02
3.020000000000000000e+02
1.650000000000000000e+02
-4.460000000000000000e+02
-1.900000000000000000e+02
-1.006000000000000000e+03
-3.420000000000000000e+02
-1.080000000000000000e+02
-1.847000000000000000e+03
-6.950000000000000000e+02
-3.600000000000000000e+01
-2.083000000000000000e+03
-2.203000000000000000e+03
-8.700000000000000000e+01
2.900000000000000000e+02
3.690000000000000000e+02
1.226000000000000000e+03
1.710000000000000000e+02
6.370000000000000000e+02
1.983000000000000000e+03
1.082000000000000000e+03
4.670000000000000000e+02
-5.430000000000000000e+02
-1.080000000000000000e+03
-5.870000000000000000e+02
-8.440000000000000000e+02
-3.700000000000000000e+01
1.906000000000000000e+03
2.863000000000000000e+03
2.202000000000000000e+03
1.640000000000000000e+03
1.116000000000000000e+03
1.386000000000000000e+03
2.547000000000000000e+03
1.074000000000000000e+03
-6.960000000000000000e+02
-1.209000000000000000e+03
-2.155000000000000000e+03
-2.123000000000000000e+03
-2.258000000000000000e+03
-3.011000000000000000e+03
-2.419000000000000000e+03
-1.631000000000000000e+03
-5.130000000000000000e+02
1.010000000000000000e+03
1.066000000000000000e+03
4.100000000000000000e+02
6.900000000000000000e+01
-2.290000000000000000e+02
2.290000000000000000e+02
1.851000000000000000e+03
2.677000000000000000e+03
1.943000000000000000e+03
6.230000000000000000e+02
6.520000000000000000e+02
1.524000000000000000e+03
1.283000000000000000e+03
1.840000000000000000e+03
1.405000000000000000e+03
-8.650000000000000000e+02
-1.541000000000000000e+03
-1.760000000000000000e+03
-2.301000000000000000e+03
-2.090000000000000000e+03
-2.055000000000000000e+03
-3.047000000000000000e+03
-2.878000000000000000e+03
-1.691000000000000000e+03
-1.721000000000000000e+03
-1.940000000000000000e+02
3.570000000000000000e+02
-1.368000000000000000e+03
4.150000000000000000e+02
1.264000000000000000e+03
-7.240000000000000000e+02
-1.114000000000000000e+03
-1.585000000000000000e+03
-1.672000000000000000e+03
-6.390000000000000000e+02
-9.570000000000000000e+02
-3.345000000000000000e+03
-4.134000000000000000e+03
-2.226000000000000000e+03
-1.827000000000000000e+03
-2.473000000000000000e+03
-3.312000000000000000e+03
-3.022000000000000000e+03
-7.110000000000000000e+02
3.550000000000000000e+02
1.384000000000000000e+03
6.010000000000000000e+02
-9.950000000000000000e+02
7.980000000000000000e+02
9.460000000000000000e+02
1.465000000000000000e+03
3.597000000000000000e+03
2.506000000000000000e+03
1.137000000000000000e+03
4.620000000000000000e+02
6.710000000000000000e+02
2.038000000000000000e+03
1.621000000000000000e+03
3.780000000000000000e+02
-7.000000000000000000e+01
2.410000000000000000e+02
1.385000000000000000e+03
2.315000000000000000e+03
1.693000000000000000e+03
5.280000000000000000e+02
8.690000000000000000e+02
1.524000000000000000e+03
2.578000000000000000e+03
3.910000000000000000e+03
3.568000000000000000e+03
3.230000000000000000e+03
1.676000000000000000e+03
1.400000000000000000e+02
1.216000000000000000e+03
1.601000000000000000e+03
8.030000000000000000e+02
-1.110000000000000000e+03
-1.859000000000000000e+03
-1.066000000000000000e+03
-1.530000000000000000e+03
-5.290000000000000000e+02
6.900000000000000000e+01
-7.310000000000000000e+02
4.940000000000000000e+02
1.168000000000000000e+03
1.767000000000000000e+03
2.910000000000000000e+03
2.188000000000000000e+03
1.384000000000000000e+03
1.312000000000000000e+03
1.680000000000000000e+03
2.126000000000000000e+03
1.746000000000000000e+03
1.150000000000000000e+02
-1.583000000000000000e+03
-1.681000000000000000e+03
-1.483000000000000000e+03
-1.414000000000000000e+03
-1.851000000000000000e+03
-3.743000000000000000e+03
-4.665000000000000000e+03
-4.070000000000000000e+03
-3.781000000000000000e+03
-3.344000000000000000e+03
-2.565000000000000000e+03
-1.797000000000000000e+03
-9.990000000000000000e+02
1.510000000000000000e+02
1.203000000000000000e+03
7.440000000000000000e+02
8.110000000000000000e+02
9.540000000000000000e+02
7.300000000000000000e+01
1.267000000000000000e+03
1.309000000000000000e+03
-4.160000000000000000e+02
-1.130000000000000000e+02
-3.840000000000000000e+02
-8.170000000000000000e+02
1.100000000000000000e+02
5.400000000000000000e+01
-3.700000000000000000e+02
-2.260000000000000000e+02
2.160000000000000000e+02
5.580000000000000000e+02
2.120000000000000000e+02
2.440000000000000000e+02
9.840000000000000000e+02
1.669000000000000000e+03
1.935000000000000000e+03
2.100000000000000000e+03
2.225000000000000000e+03
1.788000000000000000e+03
1.423000000000000000e+03
1.500000000000000000e+03
4.140000000000000000e+02
-5.210000000000000000e+02
8.070000000000000000e+02
1.514000000000000000e+03
1.453000000000000000e+03
1.254000000000000000e+03
6.700000000000000000e+01
-7.750000000000000000e+02
-1.460000000000000000e+03
-2.043000000000000000e+03
-2.658000000000000000e+03
-2.949000000000000000e+03
-2.293000000000000000e+03
-1.858000000000000000e+03
-1.328000000000000000e+03
-5.480000000000000000e+02
-4.250000000000000000e+02
-9.000000000000000000e+00
4.330000000000000000e+02
-7.330000000000000000e+02
-1.763000000000000000e+03
-1.393000000000000000e+03
-1.576000000000000000e+03
-2.499000000000000000e+03
-3.040000000000000000e+03
-3.350000000000000000e+03
-3.266000000000000000e+03
-2.420000000000000000e+03
-1.336000000000000000e+03
-1.253000000000000000e+03
-2.269000000000000000e+03
-2.349000000000000000e+03
-1.554000000000000000e+03
-2.667000000000000000e+03
-4.284000000000000000e+03
-3.595000000000000000e+03
-2.296000000000000000e+03
-1.204000000000000000e+03
-3.270000000000000000e+02
-5.650000000000000000e+02
-3.630000000000000000e+02
1.102000000000000000e+03
2.370000000000000000e+03
2.194000000000000000e+03
4.030000000000000000e+02
3.000000000000000000e+00
1.921000000000000000e+03
2.980000000000000000e+03
2.850000000000000000e+03
2.581000000000000000e+03
2.273000000000000000e+03
2.310000000000000000e+03
3.627000000000000000e+03
4.392000000000000000e+03
3.343000000000000000e+03
2.827000000000000000e+03
1.792000000000000000e+03
1.293000000000000000e+03
2.432000000000000000e+03
1.577000000000000000e+03
6.600000000000000000e+02
4.740000000000000000e+02
-8.210000000000000000e+02
9.600000000000000000e+01
2.008000000000000000e+03
2.043000000000000000e+03
1.993000000000000000e+03
1.900000000000000000e+03
1.856000000000000000e+03
2.024000000000000000e+03
1.883000000000000000e+03
2.067000000000000000e+03
1.574000000000000000e+03
8.080000000000000000e+02
1.441000000000000000e+03
2.345000000000000000e+03
3.163000000000000000e+03
3.087000000000000000e+03
2.295000000000000000e+03
2.347000000000000000e+03
1.703000000000000000e+03
1.421000000000000000e+03
9.390000000000000000e+02
-9.130000000000000000e+02
-1.057000000000000000e+03
-1.316000000000000000e+03
-2.330000000000000000e+03
-1.941000000000000000e+03
-1.206000000000000000e+03
-8.420000000000000000e+02
-4.890000000000000000e+02
-3.940000000000000000e+02
-1.284000000000000000e+03
-1.322000000000000000e+03
-8.550000000000000000e+02
-1.800000000000000000e+03
-2.407000000000000000e+03
-2.711000000000000000e+03
-3.065000000000000000e+03
-2.512000000000000000e+03
-2.108000000000000000e+03
-2.177000000000000000e+03
-1.628000000000000000e+03
-1.247000000000000000e+03
-9.080000000000000000e+02
-5.400000000000000000e+01
-7.250000000000000000e+02
-1.332000000000000000e+03
-1.151000000000000000e+03
-1.869000000000000000e+03
-1.534000000000000000e+03
-8.190000000000000000e+02
-8.500000000000000000e+02
-6.000000000000000000e+02
-4.200000000000000000e+02
-9.310000000000000000e+02
-1.347000000000000000e+03
-1.191000000000000000e+03
-1.827000000000000000e+03
-1.996000000000000000e+03
-1.450000000000000000e+03
-1.840000000000000000e+03
-1.301000000000000000e+03
-1.240000000000000000e+02
-5.220000000000000000e+02
-7.810000000000000000e+02
-2.540000000000000000e+02
-9.000000000000000000e+00
7.950000000000000000e+02
1.309000000000000000e+03
1.338000000000000000e+03
1.512000000000000000e+03
9.560000000000000000e+02
1.229000000000000000e+03
2.302000000000000000e+03
2.683000000000000000e+03
2.930000000000000000e+03
2.485000000000000000e+03
1.870000000000000000e+03
2.059000000000000000e+03
2.465000000000000000e+03
2.115000000000000000e+03
1.092000000000000000e+03
1.129000000000000000e+03
1.502000000000000000e+03
1.442000000000000000e+03
1.383000000000000000e+03
3.080000000000000000e+02
-5.720000000000000000e+02
1.420000000000000000e+02
4.910000000000000000e+02
7.800000000000000000e+01
-3.630000000000000000e+02
-1.004000000000000000e+03
-6.720000000000000000e+02
9.100000000000000000e+01
-3.390000000000000000e+02
-1.366000000000000000e+03
-1.506000000000000000e+03
-1.064000000000000000e+03
-7.590000000000000000e+02
-5.500000000000000000e+01
-1.830000000000000000e+02
-3.540000000000000000e+02
4.990000000000000000e+02
5.000000000000000000e+02
7.440000000000000000e+02
5.550000000000000000e+02
-7.910000000000000000e+02
-7.190000000000000000e+02
-1.019000000000000000e+03
-2.060000000000000000e+03
-1.487000000000000000e+03
-5.760000000000000000e+02
1.950000000000000000e+02
9.220000000000000000e+02
4.470000000000000000e+02
-6.700000000000000000e+01
5.000000000000000000e+01
3.620000000000000000e+02
6.640000000000000000e+02
-4.660000000000000000e+02
-1.575000000000000000e+03
-1.364000000000000000e+03
-1.434000000000000000e+03
-1.549000000000000000e+03
-9.360000000000000000e+02
-3.600000000000000000e+01
6.290000000000000000e+02
1.415000000000000000e+03
1.727000000000000000e+03
9.980000000000000000e+02
8.380000000000000000e+02
9.040000000000000000e+02
-9.000000000000000000e+00
-1.066000000000000000e+03
-1.654000000000000000e+03
-7.810000000000000000e+02
5.840000000000000000e+02
-2.670000000000000000e+02
-1.089000000000000000e+03
-4.120000000000000000e+02
-4.120000000000000000e+02
-2.730000000000000000e+02
-5.000000000000000000e+01
-3.690000000000000000e+02
-2.000000000000000000e+00
8.900000000000000000e+01
-5.030000000000000000e+02
-8.660000000000000000e+02
-8.180000000000000000e+02
-4.400000000000000000e+01
4.680000000000000000e+02
-1.960000000000000000e+02
-7.410000000000000000e+02
-4.660000000000000000e+02
3.850000000000000000e+02
6.080000000000000000e+02
-4.130000000000000000e+02
-5.930000000000000000e+02
-2.520000000000000000e+02
-1.940000000000000000e+02
2.560000000000000000e+02
-3.540000000000000000e+02
-1.538000000000000000e+03
-1.062000000000000000e+03
5.000000000000000000e+02
7.790000000000000000e+02
1.230000000000000000e+02
1.560000000000000000e+02
6.000000000000000000e+01
7.340000000000000000e+02
1.624000000000000000e+03
8.200000000000000000e+02
4.090000000000000000e+02
2.820000000000000000e+02
-1.040000000000000000e+02
2.630000000000000000e+02
-4.890000000000000000e+02
-1.677000000000000000e+03
-1.840000000000000000e+02
1.168000000000000000e+03
4.350000000000000000e+02
7.540000000000000000e+02
1.116000000000000000e+03
9.060000000000000000e+02
1.678000000000000000e+03
1.862000000000000000e+03
1.421000000000000000e+03
1.442000000000000000e+03
1.363000000000000000e+03
8.760000000000000000e+02
4.210000000000000000e+02
-1.000000000000000000e+02
-2.320000000000000000e+02
3.040000000000000000e+02
4.280000000000000000e+02
8.760000000000000000e+02
1.256000000000000000e+03
6.330000000000000000e+02
5.170000000000000000e+02
6.420000000000000000e+02
1.410000000000000000e+02
2.250000000000000000e+02
1.273000000000000000e+03
1.604000000000000000e+03
1.727000000000000000e+03
2.031000000000000000e+03
1.401000000000000000e+03
1.258000000000000000e+03
1.571000000000000000e+03
1.502000000000000000e+03
1.417000000000000000e+03
1.367000000000000000e+03
1.439000000000000000e+03
1.072000000000000000e+03
9.400000000000000000e+02
1.005000000000000000e+03
5.700000000000000000e+02
7.180000000000000000e+02
1.386000000000000000e+03
1.776000000000000000e+03
1.436000000000000000e+03
1.214000000000000000e+03
1.540000000000000000e+03
1.300000000000000000e+03
1.164000000000000000e+03
9.230000000000000000e+02
2.450000000000000000e+02
3.080000000000000000e+02
1.790000000000000000e+02
-8.240000000000000000e+02
-1.610000000000000000e+03
-1.869000000000000000e+03
-1.504000000000000000e+03
-7.680000000000000000e+02
-8.650000000000000000e+02
-1.209000000000000000e+03
-7.010000000000000000e+02
-4.750000000000000000e+02
-5.960000000000000000e+02
-8.200000000000000000e+02
-1.980000000000000000e+03
-2.105000000000000000e+03
-1.368000000000000000e+03
-1.805000000000000000e+03
-1.851000000000000000e+03
-2.031000000000000000e+03
-2.282000000000000000e+03
-1.605000000000000000e+03
-1.483000000000000000e+03
-1.137000000000000000e+03
-9.390000000000000000e+02
-1.013000000000000000e+03
-4.690000000000000000e+02
-6.670000000000000000e+02
-8.090000000000000000e+02
-1.024000000000000000e+03
-1.546000000000000000e+03
-1.188000000000000000e+03
-1.498000000000000000e+03
-2.355000000000000000e+03
-2.853000000000000000e+03
-2.805000000000000000e+03
-1.724000000000000000e+03
-9.040000000000000000e+02
-9.000000000000000000e+02
-1.571000000000000000e+03
-1.644000000000000000e+03
-9.900000000000000000e+02
-1.167000000000000000e+03
-1.495000000000000000e+03
-1.631000000000000000e+03
-1.630000000000000000e+03
-1.676000000000000000e+03
-1.544000000000000000e+03
-5.840000000000000000e+02
2.820000000000000000e+02
5.380000000000000000e+02
1.730000000000000000e+02
-3.830000000000000000e+02
-2.630000000000000000e+02
2.780000000000000000e+02
4.990000000000000000e+02
-7.000000000000000000e+01
-8.080000000000000000e+02
-6.380000000000000000e+02
7.500000000000000000e+01
4.060000000000000000e+02
4.490000000000000000e+02
7.670000000000000000e+02
5.370000000000000000e+02
1.980000000000000000e+02
1.028000000000000000e+03
1.198000000000000000e+03
5.490000000000000000e+02
1.840000000000000000e+02
-1.690000000000000000e+02
1.520000000000000000e+02
5.900000000000000000e+02
4.330000000000000000e+02
6.500000000000000000e+01
-1.460000000000000000e+02
3.090000000000000000e+02
1.094000000000000000e+03
1.368000000000000000e+03
1.046000000000000000e+03
9.440000000000000000e+02
1.346000000000000000e+03
1.500000000000000000e+03
1.139000000000000000e+03
1.033000000000000000e+03
1.015000000000000000e+03
5.750000000000000000e+02
5.390000000000000000e+02
9.550000000000000000e+02
7.530000000000000000e+02
3.460000000000000000e+02
5.070000000000000000e+02
8.540000000000000000e+02
1.172000000000000000e+03
1.349000000000000000e+03
1.208000000000000000e+03
8.080000000000000000e+02
5.410000000000000000e+02
4.050000000000000000e+02
5.210000000000000000e+02
1.166000000000000000e+03
1.512000000000000000e+03
1.837000000000000000e+03
2.323000000000000000e+03
2.128000000000000000e+03
2.208000000000000000e+03
2.250000000000000000e+03
1.296000000000000000e+03
7.290000000000000000e+02
4.790000000000000000e+02
-8.800000000000000000e+01
-5.880000000000000000e+02
-4.460000000000000000e+02
7.690000000000000000e+02
1.460000000000000000e+03
1.551000000000000000e+03
1.638000000000000000e+03
1.397000000000000000e+03
1.745000000000000000e+03
1.893000000000000000e+03
1.084000000000000000e+03
5.500000000000000000e+01
-2.500000000000000000e+02
3.050000000000000000e+02
4.840000000000000000e+02
2.460000000000000000e+02
2.970000000000000000e+02
6.960000000000000000e+02
8.450000000000000000e+02
6.980000000000000000e+02
4.750000000000000000e+02
-1.480000000000000000e+02
-3.670000000000000000e+02
-2.750000000000000000e+02
-8.760000000000000000e+02
-1.471000000000000000e+03
-1.406000000000000000e+03
-1.085000000000000000e+03
-5.530000000000000000e+02
-4.400000000000000000e+01
-3.530000000000000000e+02
-9.870000000000000000e+02
-1.173000000000000000e+03
-1.242000000000000000e+03
-1.127000000000000000e+03
-8.050000000000000000e+02
-1.051000000000000000e+03
-1.236000000000000000e+03
-7.680000000000000000e+02
-4.310000000000000000e+02
-7.100000000000000000e+01
3.160000000000000000e+02
1.360000000000000000e+02
-3.370000000000000000e+02
-6.390000000000000000e+02
-7.400000000000000000e+02
-6.190000000000000000e+02
-5.170000000000000000e+02
-1.128000000000000000e+03
-1.878000000000000000e+03
-2.039000000000000000e+03
-1.857000000000000000e+03
-9.900000000000000000e+02
-6.210000000000000000e+02
-1.024000000000000000e+03
-6.770000000000000000e+02
-2.610000000000000000e+02
2.210000000000000000e+02
3.820000000000000000e+02
-2.770000000000000000e+02
-4.490000000000000000e+02
-6.210000000000000000e+02
-3.910000000000000000e+02
4.900000000000000000e+01
-4.570000000000000000e+02
-6.690000000000000000e+02
-7.220000000000000000e+02
-6.500000000000000000e+02
-1.240000000000000000e+02
1.800000000000000000e+01
-1.000000000000000000e+02
-6.130000000000000000e+02
-9.990000000000000000e+02
-8.890000000000000000e+02
-1.083000000000000000e+03
-1.195000000000000000e+03
-1.117000000000000000e+03
-1.125000000000000000e+03
-9.040000000000000000e+02
-4.340000000000000000e+02
-3.840000000000000000e+02
-5.600000000000000000e+02
-5.870000000000000000e+02
-1.000000000000000000e+03
-9.240000000000000000e+02
-2.860000000000000000e+02
1.340000000000000000e+02
4.170000000000000000e+02
4.050000000000000000e+02
6.370000000000000000e+02
8.760000000000000000e+02
6.120000000000000000e+02
4.460000000000000000e+02
4.120000000000000000e+02
5.760000000000000000e+02
4.780000000000000000e+02
1.100000000000000000e+02
6.400000000000000000e+01
6.600000000000000000e+01
5.620000000000000000e+02
8.320000000000000000e+02
2.900000000000000000e+02
3.910000000000000000e+02
8.330000000000000000e+02
1.189000000000000000e+03
1.389000000000000000e+03
7.160000000000000000e+02
7.440000000000000000e+02
1.408000000000000000e+03
1.333000000000000000e+03
1.513000000000000000e+03
1.555000000000000000e+03
1.200000000000000000e+03
8.820000000000000000e+02
5.170000000000000000e+02
6.660000000000000000e+02
8.000000000000000000e+02
7.210000000000000000e+02
6.810000000000000000e+02
7.020000000000000000e+02
9.030000000000000000e+02
8.070000000000000000e+02
7.350000000000000000e+02
6.870000000000000000e+02
5.390000000000000000e+02
8.180000000000000000e+02
8.920000000000000000e+02
5.270000000000000000e+02
4.860000000000000000e+02
9.860000000000000000e+02
1.132000000000000000e+03
8.080000000000000000e+02
9.710000000000000000e+02
6.390000000000000000e+02
-2.110000000000000000e+02
-4.460000000000000000e+02
-8.170000000000000000e+02
-1.211000000000000000e+03
-1.045000000000000000e+03
-7.990000000000000000e+02
-7.930000000000000000e+02
-6.580000000000000000e+02
-2.620000000000000000e+02
-1.990000000000000000e+02
-1.290000000000000000e+02
-2.300000000000000000e+01
-1.990000000000000000e+02
-1.200000000000000000e+02
-3.260000000000000000e+02
-7.800000000000000000e+02
-8.120000000000000000e+02
-1.048000000000000000e+03
-1.122000000000000000e+03
-9.610000000000000000e+02
-1.035000000000000000e+03
-6.220000000000000000e+02
-3.570000000000000000e+02
-5.450000000000000000e+02
-5.400000000000000000e+02
-6.240000000000000000e+02
-7.170000000000000000e+02
-8.770000000000000000e+02
-1.128000000000000000e+03
-1.099000000000000000e+03
-8.500000000000000000e+02
-6.480000000000000000e+02
-6.140000000000000000e+02
-7.240000000000000000e+02
-6.010000000000000000e+02
1.300000000000000000e+01
2.650000000000000000e+02
1.000000000000000000e+00
-2.000000000000000000e+02
-4.790000000000000000e+02
-4.900000000000000000e+02
-1.000000000000000000e+02
1.260000000000000000e+02
2.000000000000000000e+01
2.470000000000000000e+02
6.070000000000000000e+02
7.660000000000000000e+02
1.460000000000000000e+03
1.360000000000000000e+03
5.220000000000000000e+02
5.210000000000000000e+02
3.370000000000000000e+02
4.090000000000000000e+02
6.820000000000000000e+02
2.120000000000000000e+02
-1.470000000000000000e+02
-2.380000000000000000e+02
-1.370000000000000000e+02
-2.260000000000000000e+02
-3.430000000000000000e+02
-3.000000000000000000e+00
3.100000000000000000e+02
2.070000000000000000e+02
-2.010000000000000000e+02
-1.740000000000000000e+02
2.420000000000000000e+02
4.210000000000000000e+02
9.100000000000000000e+01
-2.840000000000000000e+02
-3.300000000000000000e+01
3.130000000000000000e+02
4.160000000000000000e+02
2.620000000000000000e+02
7.300000000000000000e+01
2.350000000000000000e+02
3.250000000000000000e+02
2.770000000000000000e+02
3.200000000000000000e+02
1.600000000000000000e+02
-1.630000000000000000e+02
-2.060000000000000000e+02
-7.200000000000000000e+01
3.500000000000000000e+01
-2.000000000000000000e+00
-2.660000000000000000e+02
-2.770000000000000000e+02
7.000000000000000000e+00
3.130000000000000000e+02
3.250000000000000000e+02
-1.300000000000000000e+01
-1.310000000000000000e+02
-1.050000000000000000e+02
1.300000000000000000e+02
5.390000000000000000e+02
6.530000000000000000e+02
6.600000000000000000e+02
7.970000000000000000e+02
9.910000000000000000e+02
7.500000000000000000e+02
1.860000000000000000e+02
-1.050000000000000000e+02
5.900000000000000000e+01
5.150000000000000000e+02
4.400000000000000000e+02
2.200000000000000000e+02
3.400000000000000000e+02
3.820000000000000000e+02
6.200000000000000000e+02
5.380000000000000000e+02
1.570000000000000000e+02
6.200000000000000000e+01
4.000000000000000000e+00
-7.700000000000000000e+01
-3.200000000000000000e+02
-5.050000000000000000e+02
-4.430000000000000000e+02
-3.070000000000000000e+02
-6.100000000000000000e+01
6.400000000000000000e+01
2.020000000000000000e+02
4.850000000000000000e+02
1.950000000000000000e+02
-1.690000000000000000e+02
-9.300000000000000000e+01
-4.330000000000000000e+02
-7.990000000000000000e+02
-6.330000000000000000e+02
-4.220000000000000000e+02
-3.410000000000000000e+02
-2.890000000000000000e+02
-3.900000000000000000e+02
-7.410000000000000000e+02
-7.990000000000000000e+02
-7.090000000000000000e+02
-9.340000000000000000e+02
-1.087000000000000000e+03
-1.031000000000000000e+03
-7.020000000000000000e+02
-6.050000000000000000e+02
-8.090000000000000000e+02
-6.640000000000000000e+02
-4.440000000000000000e+02
-2.940000000000000000e+02
-1.530000000000000000e+02
1.200000000000000000e+01
-3.000000000000000000e+00
-1.870000000000000000e+02
-4.400000000000000000e+01
9.800000000000000000e+01
9.800000000000000000e+01
6.200000000000000000e+01
-9.500000000000000000e+01
-1.690000000000000000e+02
-4.360000000000000000e+02
-6.830000000000000000e+02
-5.820000000000000000e+02
-4.860000000000000000e+02
-4.480000000000000000e+02
-3.780000000000000000e+02
-2.720000000000000000e+02
-2.520000000000000000e+02
-9.500000000000000000e+01
1.060000000000000000e+02
8.000000000000000000e+00
-1.560000000000000000e+02
-2.140000000000000000e+02
-6.700000000000000000e+01
-6.500000000000000000e+01
-1.210000000000000000e+02
1.250000000000000000e+02
1.830000000000000000e+02
2.250000000000000000e+02
4.210000000000000000e+02
3.870000000000000000e+02
2.840000000000000000e+02
2.490000000000000000e+02
1.380000000000000000e+02
-1.090000000000000000e+02
-5.500000000000000000e+01
2.280000000000000000e+02
3.050000000000000000e+02
4.580000000000000000e+02
5.520000000000000000e+02
6.200000000000000000e+02
7.060000000000000000e+02
6.010000000000000000e+02
6.000000000000000000e+02
4.460000000000000000e+02
2.310000000000000000e+02
1.860000000000000000e+02
-2.510000000000000000e+02
-4.570000000000000000e+02
1.730000000000000000e+02
3.980000000000000000e+02
-1.800000000000000000e+01
-2.100000000000000000e+02
-2.900000000000000000e+01
5.070000000000000000e+02
8.450000000000000000e+02
5.890000000000000000e+02
1.400000000000000000e+02
1.100000000000000000e+02
4.120000000000000000e+02
3.410000000000000000e+02
1.780000000000000000e+02
1.670000000000000000e+02
1.660000000000000000e+02
3.360000000000000000e+02
5.620000000000000000e+02
7.760000000000000000e+02
8.230000000000000000e+02
6.840000000000000000e+02
6.380000000000000000e+02
8.970000000000000000e+02
1.231000000000000000e+03
1.143000000000000000e+03
8.820000000000000000e+02
6.710000000000000000e+02
3.610000000000000000e+02
1.140000000000000000e+02
-9.900000000000000000e+01
-3.490000000000000000e+02
-2.880000000000000000e+02
-1.940000000000000000e+02
-4.730000000000000000e+02
-7.880000000000000000e+02
-1.082000000000000000e+03
-9.250000000000000000e+02
-3.620000000000000000e+02
-3.900000000000000000e+02
-5.450000000000000000e+02
-3.000000000000000000e+02
1.060000000000000000e+02
6.570000000000000000e+02
9.600000000000000000e+02
9.760000000000000000e+02
8.810000000000000000e+02
7.020000000000000000e+02
7.240000000000000000e+02
6.790000000000000000e+02
1.830000000000000000e+02
-1.670000000000000000e+02
-3.370000000000000000e+02
-6.960000000000000000e+02
-6.250000000000000000e+02
-3.230000000000000000e+02
-2.290000000000000000e+02
-7.800000000000000000e+01
-2.670000000000000000e+02
-4.160000000000000000e+02
-2.050000000000000000e+02
-2.670000000000000000e+02
-4.170000000000000000e+02
-5.870000000000000000e+02
-7.490000000000000000e+02
-6.610000000000000000e+02
-6.090000000000000000e+02
-7.240000000000000000e+02
-7.300000000000000000e+02
-5.550000000000000000e+02
-5.640000000000000000e+02
-5.950000000000000000e+02
-3.780000000000000000e+02
-2.080000000000000000e+02
-1.480000000000000000e+02
-2.130000000000000000e+02
-2.270000000000000000e+02
1.720000000000000000e+02
3.840000000000000000e+02
5.000000000000000000e+01
-1.050000000000000000e+02
-1.200000000000000000e+02
-1.880000000000000000e+02
-1.110000000000000000e+02
-2.030000000000000000e+02
-2.900000000000000000e+02
-2.060000000000000000e+02
-9.200000000000000000e+01
2.700000000000000000e+01
-1.700000000000000000e+01
-4.000000000000000000e+00
-1.560000000000000000e+02
-2.990000000000000000e+02
-6.800000000000000000e+01
-2.080000000000000000e+02
-3.370000000000000000e+02
-2.730000000000000000e+02
-4.840000000000000000e+02
-2.790000000000000000e+02
-1.700000000000000000e+01
-2.600000000000000000e+01
8.100000000000000000e+01
-4.500000000000000000e+01
-3.300000000000000000e+01
2.360000000000000000e+02
1.200000000000000000e+02
-1.340000000000000000e+02
-1.040000000000000000e+02
9.900000000000000000e+01
1.040000000000000000e+02
-8.100000000000000000e+01
-5.400000000000000000e+01
6.500000000000000000e+01
1.080000000000000000e+02
6.000000000000000000e+01
-1.890000000000000000e+02
-3.590000000000000000e+02
-1.950000000000000000e+02
1.800000000000000000e+01
1.040000000000000000e+02
1.010000000000000000e+02
-1.800000000000000000e+01
-1.310000000000000000e+02
-1.780000000000000000e+02
-2.430000000000000000e+02
-1.290000000000000000e+02
1.180000000000000000e+02
2.100000000000000000e+02
2.790000000000000000e+02
2.460000000000000000e+02
1.840000000000000000e+02
2.050000000000000000e+02
9.000000000000000000e+00
-6.800000000000000000e+01
7.200000000000000000e+01
1.940000000000000000e+02
3.640000000000000000e+02
1.790000000000000000e+02
-2.100000000000000000e+01
3.870000000000000000e+02
7.000000000000000000e+02
6.860000000000000000e+02
8.610000000000000000e+02
1.069000000000000000e+03
1.057000000000000000e+03
7.900000000000000000e+02
4.300000000000000000e+02
2.510000000000000000e+02
1.570000000000000000e+02
9.400000000000000000e+01
2.300000000000000000e+02
3.310000000000000000e+02
1.500000000000000000e+02
7.000000000000000000e+01
3.880000000000000000e+02
6.320000000000000000e+02
5.630000000000000000e+02
3.850000000000000000e+02
1.510000000000000000e+02
1.060000000000000000e+02
2.610000000000000000e+02
3.050000000000000000e+02
1.030000000000000000e+02
1.410000000000000000e+02
5.420000000000000000e+02
6.610000000000000000e+02
7.330000000000000000e+02
7.180000000000000000e+02
5.330000000000000000e+02
6.220000000000000000e+02
4.990000000000000000e+02
1.920000000000000000e+02
7.100000000000000000e+01
-1.130000000000000000e+02
-2.860000000000000000e+02
-3.600000000000000000e+02
-3.960000000000000000e+02
-3.390000000000000000e+02
-2.290000000000000000e+02
-3.050000000000000000e+02
-3.230000000000000000e+02
-1.310000000000000000e+02
-5.100000000000000000e+01
6.900000000000000000e+01
1.330000000000000000e+02
0.000000000000000000e+00
3.500000000000000000e+01
1.170000000000000000e+02
4.300000000000000000e+01
-2.000000000000000000e+01
1.600000000000000000e+01
7.800000000000000000e+01
7.700000000000000000e+01
5.700000000000000000e+01
1.830000000000000000e+02
4.400000000000000000e+02
4.460000000000000000e+02
1.310000000000000000e+02
-2.380000000000000000e+02
-5.760000000000000000e+02
-7.800000000000000000e+02
-8.400000000000000000e+02
-9.130000000000000000e+02
-1.010000000000000000e+03
-1.010000000000000000e+03
-9.020000000000000000e+02
-7.430000000000000000e+02
-4.410000000000000000e+02
-2.500000000000000000e+01
1.340000000000000000e+02
1.200000000000000000e+01
-6.100000000000000000e+01
-5.100000000000000000e+01
5.600000000000000000e+01
2.200000000000000000e+01
-3.830000000000000000e+02
-6.500000000000000000e+02
-5.450000000000000000e+02
-4.040000000000000000e+02
-2.190000000000000000e+02
-1.420000000000000000e+02
-3.270000000000000000e+02
-4.250000000000000000e+02
-5.590000000000000000e+02
-6.450000000000000000e+02
-5.350000000000000000e+02
-7.750000000000000000e+02
-1.041000000000000000e+03
-1.149000000000000000e+03
-1.218000000000000000e+03
-8.770000000000000000e+02
-5.420000000000000000e+02
-3.380000000000000000e+02
-1.500000000000000000e+02
-1.250000000000000000e+02
6.600000000000000000e+01
3.240000000000000000e+02
3.300000000000000000e+02
1.630000000000000000e+02
-4.100000000000000000e+01
-2.030000000000000000e+02
-1.340000000000000000e+02
1.600000000000000000e+02
2.240000000000000000e+02
1.400000000000000000e+02
1.550000000000000000e+02
5.000000000000000000e+01
-5.000000000000000000e+00
4.500000000000000000e+01
2.000000000000000000e+01
2.500000000000000000e+01
-3.700000000000000000e+01
-1.300000000000000000e+02
-9.800000000000000000e+01
-1.700000000000000000e+01
1.030000000000000000e+02
2.100000000000000000e+02
2.550000000000000000e+02
2.320000000000000000e+02
2.180000000000000000e+02
2.720000000000000000e+02
2.370000000000000000e+02
1.420000000000000000e+02
7.100000000000000000e+01
-1.200000000000000000e+01
1.000000000000000000e+00
2.020000000000000000e+02
3.820000000000000000e+02
3.730000000000000000e+02
3.360000000000000000e+02
3.210000000000000000e+02
3.130000000000000000e+02
4.110000000000000000e+02
5.510000000000000000e+02
6.180000000000000000e+02
5.810000000000000000e+02
4.620000000000000000e+02
4.090000000000000000e+02
4.480000000000000000e+02
3.930000000000000000e+02
1.930000000000000000e+02
-5.100000000000000000e+01
-2.140000000000000000e+02
-1.870000000000000000e+02
-4.700000000000000000e+01
5.300000000000000000e+01
1.020000000000000000e+02
2.230000000000000000e+02
3.930000000000000000e+02
5.330000000000000000e+02
7.120000000000000000e+02
7.800000000000000000e+02
6.500000000000000000e+02
4.830000000000000000e+02
3.660000000000000000e+02
3.890000000000000000e+02
3.840000000000000000e+02
3.180000000000000000e+02
3.510000000000000000e+02
3.480000000000000000e+02
2.780000000000000000e+02
2.530000000000000000e+02
3.220000000000000000e+02
4.190000000000000000e+02
3.960000000000000000e+02
3.470000000000000000e+02
3.300000000000000000e+02
2.920000000000000000e+02
3.110000000000000000e+02
2.720000000000000000e+02
9.200000000000000000e+01
-1.500000000000000000e+01
-6.100000000000000000e+01
-7.900000000000000000e+01
-1.400000000000000000e+01
-1.000000000000000000e+01
1.100000000000000000e+01
5.000000000000000000e+01
-8.000000000000000000e+00
4.600000000000000000e+01
1.730000000000000000e+02
1.170000000000000000e+02
-1.300000000000000000e+01
-8.200000000000000000e+01
-1.150000000000000000e+02
-5.100000000000000000e+01
2.200000000000000000e+01
5.500000000000000000e+01
1.540000000000000000e+02
1.990000000000000000e+02
1.330000000000000000e+02
-1.000000000000000000e+01
-2.270000000000000000e+02
-4.000000000000000000e+02
-5.230000000000000000e+02
-6.660000000000000000e+02
-6.880000000000000000e+02
-5.550000000000000000e+02
-4.310000000000000000e+02
-2.410000000000000000e+02
-1.300000000000000000e+01
1.150000000000000000e+02
2.180000000000000000e+02
1.890000000000000000e+02
5.600000000000000000e+01
-4.000000000000000000e+01
-1.990000000000000000e+02
-4.010000000000000000e+02
-4.180000000000000000e+02
-2.980000000000000000e+02
-2.530000000000000000e+02
-1.360000000000000000e+02
6.000000000000000000e+00
3.400000000000000000e+01
1.950000000000000000e+02
2.140000000000000000e+02
2.000000000000000000e+01
-4.700000000000000000e+01
-2.470000000000000000e+02
-4.170000000000000000e+02
-4.130000000000000000e+02
-5.180000000000000000e+02
-5.210000000000000000e+02
-3.780000000000000000e+02
-2.900000000000000000e+02
-1.830000000000000000e+02
-5.000000000000000000e+01
-9.300000000000000000e+01
-1.960000000000000000e+02
-2.060000000000000000e+02
-3.040000000000000000e+02
-3.170000000000000000e+02
-2.780000000000000000e+02
-3.590000000000000000e+02
-2.500000000000000000e+02
-1.430000000000000000e+02
-1.530000000000000000e+02
-2.300000000000000000e+01
7.300000000000000000e+01
1.940000000000000000e+02
3.370000000000000000e+02
2.500000000000000000e+02
1.190000000000000000e+02
1.240000000000000000e+02
1.010000000000000000e+02
-3.100000000000000000e+01
-2.010000000000000000e+02
-3.740000000000000000e+02
-4.380000000000000000e+02
-3.740000000000000000e+02
-3.190000000000000000e+02
-2.670000000000000000e+02
-2.660000000000000000e+02
-2.560000000000000000e+02
-1.640000000000000000e+02
-8.400000000000000000e+01
-5.700000000000000000e+01
-1.040000000000000000e+02
-1.390000000000000000e+02
-1.090000000000000000e+02
-9.500000000000000000e+01
-1.110000000000000000e+02
-6.100000000000000000e+01
6.000000000000000000e+00
3.600000000000000000e+01
1.490000000000000000e+02
1.150000000000000000e+02
1.600000000000000000e+01
2.700000000000000000e+01
-9.500000000000000000e+01
-1.180000000000000000e+02
-8.800000000000000000e+01
-2.030000000000000000e+02
-2.220000000000000000e+02
-2.530000000000000000e+02
-2.780000000000000000e+02
-1.470000000000000000e+02
1.800000000000000000e+01
4.800000000000000000e+01
-4.000000000000000000e+00
6.100000000000000000e+01
1.380000000000000000e+02
2.020000000000000000e+02
2.450000000000000000e+02
1.920000000000000000e+02
2.210000000000000000e+02
3.200000000000000000e+02
3.470000000000000000e+02
3.620000000000000000e+02
3.930000000000000000e+02
4.190000000000000000e+02
4.940000000000000000e+02
5.180000000000000000e+02
4.270000000000000000e+02
3.730000000000000000e+02
3.420000000000000000e+02
3.110000000000000000e+02
2.730000000000000000e+02
1.840000000000000000e+02
1.360000000000000000e+02
1.700000000000000000e+02
1.870000000000000000e+02
1.550000000000000000e+02
1.030000000000000000e+02
9.300000000000000000e+01
1.790000000000000000e+02
2.280000000000000000e+02
1.910000000000000000e+02
2.310000000000000000e+02
3.140000000000000000e+02
3.610000000000000000e+02
3.580000000000000000e+02
2.290000000000000000e+02
1.200000000000000000e+02
1.450000000000000000e+02
9.900000000000000000e+01
1.000000000000000000e+00
-4.000000000000000000e+01
-8.400000000000000000e+01
-6.500000000000000000e+01
1.000000000000000000e+00
3.300000000000000000e+01
9.900000000000000000e+01
1.630000000000000000e+02
1.420000000000000000e+02
7.800000000000000000e+01
4.100000000000000000e+01
3.200000000000000000e+01
5.500000000000000000e+01
9.700000000000000000e+01
1.040000000000000000e+02
1.120000000000000000e+02
1.890000000000000000e+02
2.630000000000000000e+02
2.670000000000000000e+02
2.310000000000000000e+02
1.120000000000000000e+02
-2.000000000000000000e+01
-8.700000000000000000e+01
-1.040000000000000000e+02
3.000000000000000000e+00
1.590000000000000000e+02
1.970000000000000000e+02
1.600000000000000000e+02
1.450000000000000000e+02
2.100000000000000000e+02
3.530000000000000000e+02
4.100000000000000000e+02
2.290000000000000000e+02
-1.800000000000000000e+01
-1.370000000000000000e+02
-1.210000000000000000e+02
-5.700000000000000000e+01
-1.300000000000000000e+02
-2.530000000000000000e+02
-3.150000000000000000e+02
-3.510000000000000000e+02
-3.460000000000000000e+02
-4.460000000000000000e+02
-6.430000000000000000e+02
-8.520000000000000000e+02
-1.091000000000000000e+03
-1.266000000000000000e+03
-1.322000000000000000e+03
-1.269000000000000000e+03
-1.188000000000000000e+03
-1.146000000000000000e+03
-1.073000000000000000e+03
-9.730000000000000000e+02
-8.890000000000000000e+02
-7.520000000000000000e+02
-7.030000000000000000e+02
-8.350000000000000000e+02
-8.780000000000000000e+02
-8.600000000000000000e+02
-8.280000000000000000e+02
-6.780000000000000000e+02
-5.740000000000000000e+02
-4.920000000000000000e+02
-3.410000000000000000e+02
-2.240000000000000000e+02
-1.520000000000000000e+02
-5.000000000000000000e+01
4.800000000000000000e+01
1.260000000000000000e+02
2.340000000000000000e+02
2.600000000000000000e+02
2.320000000000000000e+02
3.520000000000000000e+02
5.830000000000000000e+02
7.880000000000000000e+02
9.730000000000000000e+02
1.145000000000000000e+03
1.274000000000000000e+03
1.436000000000000000e+03
1.607000000000000000e+03
1.685000000000000000e+03
1.714000000000000000e+03
1.693000000000000000e+03
1.584000000000000000e+03
1.556000000000000000e+03
1.654000000000000000e+03
1.729000000000000000e+03
1.770000000000000000e+03
1.751000000000000000e+03
1.604000000000000000e+03
1.555000000000000000e+03
1.602000000000000000e+03
1.492000000000000000e+03
1.302000000000000000e+03
1.050000000000000000e+03
7.690000000000000000e+02
5.830000000000000000e+02
4.750000000000000000e+02
3.890000000000000000e+02
3.050000000000000000e+02
2.180000000000000000e+02
7.700000000000000000e+01
3.000000000000000000e+00
1.800000000000000000e+01
-6.300000000000000000e+01
-1.950000000000000000e+02
-3.830000000000000000e+02
-6.110000000000000000e+02
-7.080000000000000000e+02
-6.870000000000000000e+02
-6.910000000000000000e+02
-7.890000000000000000e+02
-8.740000000000000000e+02
-9.270000000000000000e+02
-1.000000000000000000e+03
-1.045000000000000000e+03
-1.114000000000000000e+03
-1.213000000000000000e+03
-1.300000000000000000e+03
-1.384000000000000000e+03
-1.369000000000000000e+03
-1.276000000000000000e+03
-1.247000000000000000e+03
-1.268000000000000000e+03
-1.342000000000000000e+03
-1.440000000000000000e+03
-1.465000000000000000e+03
-1.434000000000000000e+03
-1.483000000000000000e+03
-1.571000000000000000e+03
-1.570000000000000000e+03
-1.549000000000000000e+03
-1.488000000000000000e+03
-1.393000000000000000e+03
-1.342000000000000000e+03
-1.273000000000000000e+03
-1.226000000000000000e+03
-1.232000000000000000e+03
-1.205000000000000000e+03
-1.137000000000000000e+03
-1.034000000000000000e+03
-9.390000000000000000e+02
-8.920000000000000000e+02
-8.620000000000000000e+02
-7.660000000000000000e+02
-5.970000000000000000e+02
-5.050000000000000000e+02
-5.160000000000000000e+02
-5.340000000000000000e+02
-5.480000000000000000e+02
-5.000000000000000000e+02
-4.380000000000000000e+02
-5.050000000000000000e+02
-5.740000000000000000e+02
-5.310000000000000000e+02
-4.430000000000000000e+02
-3.300000000000000000e+02
-2.030000000000000000e+02
-1.200000000000000000e+02
-9.400000000000000000e+01
-3.100000000000000000e+01
6.500000000000000000e+01
1.830000000000000000e+02
3.840000000000000000e+02
5.410000000000000000e+02
6.080000000000000000e+02
6.910000000000000000e+02
8.040000000000000000e+02
9.390000000000000000e+02
1.082000000000000000e+03
1.141000000000000000e+03
1.189000000000000000e+03
1.354000000000000000e+03
1.497000000000000000e+03
1.563000000000000000e+03
1.654000000000000000e+03
1.745000000000000000e+03
1.788000000000000000e+03
1.856000000000000000e+03
1.894000000000000000e+03
1.899000000000000000e+03
2.022000000000000000e+03
2.104000000000000000e+03
2.077000000000000000e+03
2.063000000000000000e+03
2.037000000000000000e+03
2.053000000000000000e+03
2.070000000000000000e+03
2.041000000000000000e+03
2.009000000000000000e+03
1.956000000000000000e+03
1.884000000000000000e+03
1.802000000000000000e+03
1.710000000000000000e+03
1.621000000000000000e+03
1.559000000000000000e+03
1.529000000000000000e+03
1.482000000000000000e+03
1.415000000000000000e+03
1.339000000000000000e+03
1.256000000000000000e+03
1.155000000000000000e+03
1.000000000000000000e+03
8.130000000000000000e+02
6.320000000000000000e+02
4.540000000000000000e+02
3.350000000000000000e+02
2.280000000000000000e+02
8.200000000000000000e+01
-3.500000000000000000e+01
-1.480000000000000000e+02
-2.290000000000000000e+02
-2.720000000000000000e+02
-4.410000000000000000e+02
-6.560000000000000000e+02
-8.090000000000000000e+02
-9.370000000000000000e+02
-1.019000000000000000e+03
-1.084000000000000000e+03
-1.215000000000000000e+03
-1.375000000000000000e+03
-1.453000000000000000e+03
-1.502000000000000000e+03
-1.550000000000000000e+03
-1.567000000000000000e+03
-1.678000000000000000e+03
-1.793000000000000000e+03
-1.792000000000000000e+03
-1.785000000000000000e+03
-1.724000000000000000e+03
-1.599000000000000000e+03
-1.639000000000000000e+03
-1.750000000000000000e+03
-1.684000000000000000e+03
-1.544000000000000000e+03
-1.440000000000000000e+03
-1.364000000000000000e+03
-1.430000000000000000e+03
-1.585000000000000000e+03
-1.546000000000000000e+03
-1.496000000000000000e+03
-1.557000000000000000e+03
-1.543000000000000000e+03
-1.670000000000000000e+03
-1.764000000000000000e+03
-1.631000000000000000e+03
-1.614000000000000000e+03
-1.535000000000000000e+03
-1.342000000000000000e+03
-1.292000000000000000e+03
-1.290000000000000000e+03
-1.205000000000000000e+03
-1.125000000000000000e+03
-1.111000000000000000e+03
-1.050000000000000000e+03
-1.099000000000000000e+03
-1.143000000000000000e+03
-9.690000000000000000e+02
-8.650000000000000000e+02
-7.890000000000000000e+02
-7.180000000000000000e+02
-7.330000000000000000e+02
-6.400000000000000000e+02
-4.840000000000000000e+02
-4.160000000000000000e+02
-3.920000000000000000e+02
-3.470000000000000000e+02
-2.220000000000000000e+02
-6.300000000000000000e+01
7.800000000000000000e+01
2.000000000000000000e+02
3.310000000000000000e+02
5.600000000000000000e+02
8.110000000000000000e+02
1.020000000000000000e+03
1.220000000000000000e+03
1.346000000000000000e+03
1.447000000000000000e+03
1.540000000000000000e+03
1.671000000000000000e+03
1.889000000000000000e+03
2.019000000000000000e+03
2.078000000000000000e+03
2.122000000000000000e+03
2.130000000000000000e+03
2.184000000000000000e+03
2.231000000000000000e+03
2.186000000000000000e+03
2.098000000000000000e+03
2.022000000000000000e+03
1.974000000000000000e+03
1.910000000000000000e+03
1.820000000000000000e+03
1.694000000000000000e+03
1.540000000000000000e+03
1.431000000000000000e+03
1.294000000000000000e+03
1.162000000000000000e+03
1.069000000000000000e+03
8.970000000000000000e+02
7.510000000000000000e+02
6.360000000000000000e+02
4.980000000000000000e+02
4.150000000000000000e+02
3.090000000000000000e+02
1.870000000000000000e+02
3.800000000000000000e+01
-1.520000000000000000e+02
-2.770000000000000000e+02
-3.730000000000000000e+02
-4.910000000000000000e+02
-6.170000000000000000e+02
-7.110000000000000000e+02
-7.440000000000000000e+02
-7.070000000000000000e+02
-6.550000000000000000e+02
-6.780000000000000000e+02
-6.430000000000000000e+02
-5.330000000000000000e+02
-4.640000000000000000e+02
-3.750000000000000000e+02
-3.490000000000000000e+02
-3.810000000000000000e+02
-3.140000000000000000e+02
-2.560000000000000000e+02
-2.640000000000000000e+02
-1.940000000000000000e+02
-1.030000000000000000e+02
-9.000000000000000000e+01
-4.100000000000000000e+01
6.700000000000000000e+01
1.330000000000000000e+02
1.910000000000000000e+02
1.870000000000000000e+02
5.600000000000000000e+01
2.000000000000000000e+01
9.700000000000000000e+01
1.180000000000000000e+02
1.460000000000000000e+02
1.910000000000000000e+02
2.210000000000000000e+02
3.530000000000000000e+02
4.990000000000000000e+02
5.220000000000000000e+02
5.390000000000000000e+02
5.310000000000000000e+02
4.470000000000000000e+02
4.330000000000000000e+02
4.320000000000000000e+02
3.380000000000000000e+02
2.350000000000000000e+02
1.360000000000000000e+02
1.900000000000000000e+01
-4.500000000000000000e+01
-7.400000000000000000e+01
-1.560000000000000000e+02
-2.620000000000000000e+02
-3.890000000000000000e+02
-4.890000000000000000e+02
-5.490000000000000000e+02
-6.280000000000000000e+02
-7.110000000000000000e+02
-8.040000000000000000e+02
-8.700000000000000000e+02
-8.980000000000000000e+02
-9.400000000000000000e+02
-9.950000000000000000e+02
-1.084000000000000000e+03
-1.167000000000000000e+03
-1.226000000000000000e+03
-1.271000000000000000e+03
-1.338000000000000000e+03
-1.445000000000000000e+03
-1.564000000000000000e+03
-1.699000000000000000e+03
-1.792000000000000000e+03
-1.820000000000000000e+03
-1.847000000000000000e+03
-1.862000000000000000e+03
-1.862000000000000000e+03
-1.880000000000000000e+03
-1.854000000000000000e+03
-1.787000000000000000e+03
-1.732000000000000000e+03
-1.683000000000000000e+03
-1.633000000000000000e+03
-1.593000000000000000e+03
-1.540000000000000000e+03
-1.413000000000000000e+03
-1.257000000000000000e+03
-1.122000000000000000e+03
-9.890000000000000000e+02
-8.700000000000000000e+02
-7.400000000000000000e+02
-5.590000000000000000e+02
-3.670000000000000000e+02
-2.350000000000000000e+02
-1.500000000000000000e+02
-6.000000000000000000e+01
6.900000000000000000e+01
2.630000000000000000e+02
4.330000000000000000e+02
5.600000000000000000e+02
7.110000000000000000e+02
8.510000000000000000e+02
1.014000000000000000e+03
1.235000000000000000e+03
1.406000000000000000e+03
1.537000000000000000e+03
1.690000000000000000e+03
1.829000000000000000e+03
1.946000000000000000e+03
2.082000000000000000e+03
2.199000000000000000e+03
2.247000000000000000e+03
2.248000000000000000e+03
2.217000000000000000e+03
2.202000000000000000e+03
2.197000000000000000e+03
2.157000000000000000e+03
2.121000000000000000e+03
2.084000000000000000e+03
2.049000000000000000e+03
2.042000000000000000e+03
1.995000000000000000e+03
1.915000000000000000e+03
1.821000000000000000e+03
1.720000000000000000e+03
1.587000000000000000e+03
1.412000000000000000e+03
1.288000000000000000e+03
1.179000000000000000e+03
1.060000000000000000e+03
1.009000000000000000e+03
9.310000000000000000e+02
8.220000000000000000e+02
7.500000000000000000e+02
6.280000000000000000e+02
4.280000000000000000e+02
2.460000000000000000e+02
8.800000000000000000e+01
-1.030000000000000000e+02
-2.700000000000000000e+02
-3.990000000000000000e+02
-5.000000000000000000e+02
-5.240000000000000000e+02
-5.350000000000000000e+02
-5.720000000000000000e+02
-5.640000000000000000e+02
-5.740000000000000000e+02
-6.300000000000000000e+02
-6.860000000000000000e+02
-7.840000000000000000e+02
-8.700000000000000000e+02
-9.030000000000000000e+02
-9.370000000000000000e+02
-9.390000000000000000e+02
-9.040000000000000000e+02
-8.770000000000000000e+02
-8.840000000000000000e+02
-9.040000000000000000e+02
-9.180000000000000000e+02
-9.300000000000000000e+02
-9.180000000000000000e+02
-9.310000000000000000e+02
-1.005000000000000000e+03
-1.013000000000000000e+03
-9.670000000000000000e+02
-9.370000000000000000e+02
-8.910000000000000000e+02
-8.420000000000000000e+02
-7.870000000000000000e+02
-7.010000000000000000e+02
-6.000000000000000000e+02
-5.420000000000000000e+02
-5.080000000000000000e+02
-4.470000000000000000e+02
-4.100000000000000000e+02
-3.700000000000000000e+02
-2.950000000000000000e+02
-2.610000000000000000e+02
-2.450000000000000000e+02
-2.540000000000000000e+02
-2.860000000000000000e+02
-2.720000000000000000e+02
-2.150000000000000000e+02
-1.530000000000000000e+02
-1.260000000000000000e+02
-1.300000000000000000e+02
-1.100000000000000000e+02
-6.000000000000000000e+01
-7.000000000000000000e+00
-8.000000000000000000e+00
-2.800000000000000000e+01
-2.500000000000000000e+01
-1.300000000000000000e+01
3.600000000000000000e+01
7.500000000000000000e+01
8.600000000000000000e+01
1.060000000000000000e+02
1.040000000000000000e+02
8.000000000000000000e+01
6.700000000000000000e+01
7.200000000000000000e+01
8.500000000000000000e+01
9.200000000000000000e+01
3.200000000000000000e+01
-6.100000000000000000e+01
-5.200000000000000000e+01
2.300000000000000000e+01
7.600000000000000000e+01
1.140000000000000000e+02
1.220000000000000000e+02
8.100000000000000000e+01
6.600000000000000000e+01
8.000000000000000000e+01
5.400000000000000000e+01
3.600000000000000000e+01
4.500000000000000000e+01
3.900000000000000000e+01
4.500000000000000000e+01
7.000000000000000000e+01
7.300000000000000000e+01
3.600000000000000000e+01
-4.700000000000000000e+01
-1.670000000000000000e+02
-2.520000000000000000e+02
-2.590000000000000000e+02
-2.720000000000000000e+02
-3.510000000000000000e+02
-4.280000000000000000e+02
-4.590000000000000000e+02
-4.290000000000000000e+02
-3.560000000000000000e+02
-3.210000000000000000e+02
-3.350000000000000000e+02
-3.720000000000000000e+02
-3.860000000000000000e+02
-3.580000000000000000e+02
-3.410000000000000000e+02
-3.390000000000000000e+02
-3.560000000000000000e+02
-3.700000000000000000e+02
-3.640000000000000000e+02
-3.200000000000000000e+02
-2.570000000000000000e+02
-2.250000000000000000e+02
-1.960000000000000000e+02
-1.820000000000000000e+02
-1.790000000000000000e+02
-1.190000000000000000e+02
-6.300000000000000000e+01
-7.200000000000000000e+01
-8.800000000000000000e+01
-8.800000000000000000e+01
-4.200000000000000000e+01
6.400000000000000000e+01
1.550000000000000000e+02
2.070000000000000000e+02
2.490000000000000000e+02
2.900000000000000000e+02
3.690000000000000000e+02
4.560000000000000000e+02
4.940000000000000000e+02
4.910000000000000000e+02
4.750000000000000000e+02
4.580000000000000000e+02
4.300000000000000000e+02
4.120000000000000000e+02
3.950000000000000000e+02
3.830000000000000000e+02
3.680000000000000000e+02
3.500000000000000000e+02
3.800000000000000000e+02
4.200000000000000000e+02
4.240000000000000000e+02
4.100000000000000000e+02
3.930000000000000000e+02
3.930000000000000000e+02
4.260000000000000000e+02
4.460000000000000000e+02
4.430000000000000000e+02
4.580000000000000000e+02
4.830000000000000000e+02
4.980000000000000000e+02
5.050000000000000000e+02
5.060000000000000000e+02
4.780000000000000000e+02
4.520000000000000000e+02
4.140000000000000000e+02
3.140000000000000000e+02
2.310000000000000000e+02
2.100000000000000000e+02
2.040000000000000000e+02
1.910000000000000000e+02
1.500000000000000000e+02
7.800000000000000000e+01
2.900000000000000000e+01
6.000000000000000000e+00
-2.000000000000000000e+01
-2.600000000000000000e+01
-1.700000000000000000e+01
-1.900000000000000000e+01
-5.000000000000000000e+00
3.800000000000000000e+01
6.900000000000000000e+01
8.900000000000000000e+01
8.200000000000000000e+01
3.400000000000000000e+01
7.000000000000000000e+00
7.000000000000000000e+00
4.000000000000000000e+00
-4.000000000000000000e+00
-3.900000000000000000e+01
-7.900000000000000000e+01
-5.800000000000000000e+01
1.400000000000000000e+01
7.600000000000000000e+01
9.100000000000000000e+01
6.500000000000000000e+01
3.000000000000000000e+01
1.300000000000000000e+01
-1.700000000000000000e+01
-4.500000000000000000e+01
-1.500000000000000000e+01
1.200000000000000000e+01
4.000000000000000000e+01
1.220000000000000000e+02
1.540000000000000000e+02
1.600000000000000000e+02
1.980000000000000000e+02
1.760000000000000000e+02
1.150000000000000000e+02
7.700000000000000000e+01
3.000000000000000000e+01
-2.500000000000000000e+01
-4.600000000000000000e+01
-7.000000000000000000e+01
-9.700000000000000000e+01
-8.200000000000000000e+01
-9.400000000000000000e+01
-1.270000000000000000e+02
-1.070000000000000000e+02
-8.400000000000000000e+01
-1.110000000000000000e+02
-1.610000000000000000e+02
-1.900000000000000000e+02
-1.920000000000000000e+02
-1.780000000000000000e+02
-1.660000000000000000e+02
-1.690000000000000000e+02
-1.840000000000000000e+02
-1.740000000000000000e+02
-1.730000000000000000e+02
-2.130000000000000000e+02
-2.450000000000000000e+02
-2.750000000000000000e+02
-3.140000000000000000e+02
-3.580000000000000000e+02
-4.100000000000000000e+02
-4.230000000000000000e+02
-4.160000000000000000e+02
-4.280000000000000000e+02
-4.630000000000000000e+02
-5.120000000000000000e+02
-4.920000000000000000e+02
-4.550000000000000000e+02
-4.800000000000000000e+02
-4.990000000000000000e+02
-4.950000000000000000e+02
-4.860000000000000000e+02
-4.480000000000000000e+02
-4.110000000000000000e+02
-4.050000000000000000e+02
-4.010000000000000000e+02
-3.830000000000000000e+02
-3.960000000000000000e+02
-4.160000000000000000e+02
-3.890000000000000000e+02
-3.720000000000000000e+02
-3.650000000000000000e+02
-3.810000000000000000e+02
-4.020000000000000000e+02
-3.470000000000000000e+02
-2.830000000000000000e+02
-2.640000000000000000e+02
-2.780000000000000000e+02
-2.830000000000000000e+02
-2.460000000000000000e+02
-1.960000000000000000e+02
-1.550000000000000000e+02
-1.400000000000000000e+02
-1.340000000000000000e+02
-1.210000000000000000e+02
-8.300000000000000000e+01
-5.200000000000000000e+01
-2.800000000000000000e+01
1.200000000000000000e+01
1.400000000000000000e+01
7.000000000000000000e+00
8.000000000000000000e+00
3.200000000000000000e+01
5.300000000000000000e+01
5.900000000000000000e+01
7.500000000000000000e+01
7.500000000000000000e+01
1.060000000000000000e+02
1.730000000000000000e+02
2.420000000000000000e+02
2.880000000000000000e+02
3.130000000000000000e+02
3.380000000000000000e+02
3.430000000000000000e+02
3.470000000000000000e+02
3.360000000000000000e+02
3.320000000000000000e+02
3.480000000000000000e+02
3.640000000000000000e+02
3.890000000000000000e+02
4.050000000000000000e+02
4.140000000000000000e+02
4.260000000000000000e+02
4.250000000000000000e+02
4.150000000000000000e+02
4.090000000000000000e+02
3.840000000000000000e+02
3.620000000000000000e+02
3.520000000000000000e+02
3.160000000000000000e+02
2.890000000000000000e+02
2.850000000000000000e+02
2.990000000000000000e+02
3.350000000000000000e+02
3.910000000000000000e+02
4.400000000000000000e+02
4.320000000000000000e+02
4.060000000000000000e+02
3.780000000000000000e+02
3.640000000000000000e+02
3.580000000000000000e+02
3.350000000000000000e+02
3.220000000000000000e+02
3.100000000000000000e+02
3.020000000000000000e+02
3.000000000000000000e+02
2.950000000000000000e+02
2.790000000000000000e+02
2.530000000000000000e+02
2.350000000000000000e+02
2.180000000000000000e+02
2.100000000000000000e+02
2.050000000000000000e+02
1.920000000000000000e+02
1.650000000000000000e+02
1.490000000000000000e+02
1.450000000000000000e+02
1.330000000000000000e+02
1.350000000000000000e+02
1.180000000000000000e+02
8.300000000000000000e+01
7.800000000000000000e+01
7.600000000000000000e+01
7.700000000000000000e+01
7.700000000000000000e+01
5.600000000000000000e+01
3.800000000000000000e+01
2.900000000000000000e+01
6.000000000000000000e+00
-2.600000000000000000e+01
-4.500000000000000000e+01
-7.100000000000000000e+01
-9.000000000000000000e+01
-9.900000000000000000e+01
-1.070000000000000000e+02
-1.000000000000000000e+02
-8.700000000000000000e+01
-7.400000000000000000e+01
-6.800000000000000000e+01
-6.300000000000000000e+01
-6.100000000000000000e+01
-5.600000000000000000e+01
-4.700000000000000000e+01
-6.500000000000000000e+01
-7.200000000000000000e+01
-7.000000000000000000e+01
-9.300000000000000000e+01
-1.140000000000000000e+02
-1.230000000000000000e+02
-1.270000000000000000e+02
-1.180000000000000000e+02
-1.310000000000000000e+02
-1.850000000000000000e+02
-2.140000000000000000e+02
-2.350000000000000000e+02
-2.660000000000000000e+02
-2.690000000000000000e+02
-2.820000000000000000e+02
-3.090000000000000000e+02
-3.000000000000000000e+02
-2.780000000000000000e+02
-2.730000000000000000e+02
-2.620000000000000000e+02
-2.620000000000000000e+02
-2.640000000000000000e+02
-2.450000000000000000e+02
-2.160000000000000000e+02
-1.890000000000000000e+02
-1.760000000000000000e+02
-1.960000000000000000e+02
-2.380000000000000000e+02
-2.700000000000000000e+02
-3.030000000000000000e+02
-3.190000000000000000e+02
-3.160000000000000000e+02
-3.300000000000000000e+02
-3.280000000000000000e+02
-2.990000000000000000e+02
-2.740000000000000000e+02
-2.670000000000000000e+02
-2.690000000000000000e+02
-2.750000000000000000e+02
-2.900000000000000000e+02
-2.900000000000000000e+02
-2.750000000000000000e+02
-2.790000000000000000e+02
-2.840000000000000000e+02
-2.780000000000000000e+02
-2.570000000000000000e+02
-2.140000000000000000e+02
-1.870000000000000000e+02
-1.630000000000000000e+02
-1.350000000000000000e+02
-1.320000000000000000e+02
-1.210000000000000000e+02
-1.070000000000000000e+02
-1.290000000000000000e+02
-1.370000000000000000e+02
-1.270000000000000000e+02
-1.300000000000000000e+02
-1.090000000000000000e+02
-8.300000000000000000e+01
-8.100000000000000000e+01
-5.200000000000000000e+01
-1.300000000000000000e+01
-4.000000000000000000e+00
1.600000000000000000e+01
4.400000000000000000e+01
5.500000000000000000e+01
6.700000000000000000e+01
8.800000000000000000e+01
1.030000000000000000e+02
1.260000000000000000e+02
1.350000000000000000e+02
1.200000000000000000e+02
1.100000000000000000e+02
1.070000000000000000e+02
1.290000000000000000e+02
1.470000000000000000e+02
1.550000000000000000e+02
1.820000000000000000e+02
2.180000000000000000e+02
2.460000000000000000e+02
2.580000000000000000e+02
2.550000000000000000e+02
2.320000000000000000e+02
2.230000000000000000e+02
2.500000000000000000e+02
2.610000000000000000e+02
2.670000000000000000e+02
2.940000000000000000e+02
3.250000000000000000e+02
3.460000000000000000e+02
3.560000000000000000e+02
3.580000000000000000e+02
3.470000000000000000e+02
3.450000000000000000e+02
3.240000000000000000e+02
3.030000000000000000e+02
3.100000000000000000e+02
3.250000000000000000e+02
3.450000000000000000e+02
3.520000000000000000e+02
3.620000000000000000e+02
3.770000000000000000e+02
3.740000000000000000e+02
3.560000000000000000e+02
3.250000000000000000e+02
2.900000000000000000e+02
2.620000000000000000e+02
2.530000000000000000e+02
2.390000000000000000e+02
2.260000000000000000e+02
2.420000000000000000e+02
2.660000000000000000e+02
2.600000000000000000e+02
2.370000000000000000e+02
2.260000000000000000e+02
2.150000000000000000e+02
1.980000000000000000e+02
1.680000000000000000e+02
1.350000000000000000e+02
1.040000000000000000e+02
8.600000000000000000e+01
8.700000000000000000e+01
8.700000000000000000e+01
9.700000000000000000e+01
1.040000000000000000e+02
8.800000000000000000e+01
4.800000000000000000e+01
2.000000000000000000e+00
-3.300000000000000000e+01
-6.700000000000000000e+01
-8.400000000000000000e+01
-9.400000000000000000e+01
-1.080000000000000000e+02
-1.140000000000000000e+02
-1.270000000000000000e+02
-1.500000000000000000e+02
-1.960000000000000000e+02
-2.410000000000000000e+02
-2.730000000000000000e+02
-2.880000000000000000e+02
-2.880000000000000000e+02
-3.060000000000000000e+02
-3.040000000000000000e+02
-3.100000000000000000e+02
-3.220000000000000000e+02
-3.210000000000000000e+02
-3.210000000000000000e+02
-3.260000000000000000e+02
-3.430000000000000000e+02
-3.700000000000000000e+02
-4.000000000000000000e+02
-4.120000000000000000e+02
-4.100000000000000000e+02
-3.850000000000000000e+02
-3.780000000000000000e+02
-3.750000000000000000e+02
-3.640000000000000000e+02
-3.650000000000000000e+02
-3.670000000000000000e+02
-3.840000000000000000e+02
-4.000000000000000000e+02
-4.060000000000000000e+02
-3.950000000000000000e+02
-3.880000000000000000e+02
-3.890000000000000000e+02
-3.780000000000000000e+02
-3.620000000000000000e+02
-3.410000000000000000e+02
-3.090000000000000000e+02
-2.830000000000000000e+02
-2.660000000000000000e+02
-2.460000000000000000e+02
-2.310000000000000000e+02
-2.260000000000000000e+02
-2.140000000000000000e+02
-1.940000000000000000e+02
-1.730000000000000000e+02
-1.530000000000000000e+02
-1.310000000000000000e+02
-1.090000000000000000e+02
-9.300000000000000000e+01
-7.700000000000000000e+01
-6.500000000000000000e+01
-5.100000000000000000e+01
-2.100000000000000000e+01
-5.000000000000000000e+00
2.000000000000000000e+00
1.200000000000000000e+01
3.000000000000000000e+01
5.400000000000000000e+01
7.100000000000000000e+01
7.300000000000000000e+01
7.600000000000000000e+01
8.900000000000000000e+01
1.130000000000000000e+02
1.380000000000000000e+02
1.470000000000000000e+02
1.620000000000000000e+02
1.730000000000000000e+02
1.760000000000000000e+02
1.780000000000000000e+02
1.670000000000000000e+02
1.520000000000000000e+02
1.420000000000000000e+02
1.500000000000000000e+02
1.600000000000000000e+02
1.830000000000000000e+02
2.020000000000000000e+02
2.080000000000000000e+02
2.140000000000000000e+02
2.130000000000000000e+02
2.120000000000000000e+02
2.090000000000000000e+02
2.080000000000000000e+02
2.030000000000000000e+02
1.930000000000000000e+02
1.810000000000000000e+02
1.700000000000000000e+02
1.660000000000000000e+02
1.650000000000000000e+02
1.650000000000000000e+02
1.680000000000000000e+02
1.750000000000000000e+02
1.750000000000000000e+02
1.670000000000000000e+02
1.510000000000000000e+02
1.440000000000000000e+02
1.350000000000000000e+02
1.260000000000000000e+02
1.230000000000000000e+02
1.150000000000000000e+02
1.100000000000000000e+02
1.070000000000000000e+02
9.700000000000000000e+01
8.500000000000000000e+01
7.500000000000000000e+01
6.600000000000000000e+01
6.700000000000000000e+01
6.100000000000000000e+01
5.600000000000000000e+01
5.600000000000000000e+01
5.100000000000000000e+01
3.800000000000000000e+01
2.500000000000000000e+01
2.200000000000000000e+01
1.400000000000000000e+01
9.000000000000000000e+00
4.000000000000000000e+00
2.000000000000000000e+00
-4.000000000000000000e+00
-1.000000000000000000e+01
-9.000000000000000000e+00
-1.400000000000000000e+01
-2.100000000000000000e+01
-2.500000000000000000e+01
-2.800000000000000000e+01
-3.600000000000000000e+01
-3.900000000000000000e+01
-4.200000000000000000e+01
-4.500000000000000000e+01
-4.700000000000000000e+01
-5.000000000000000000e+01
-5.000000000000000000e+01
-5.200000000000000000e+01
-5.400000000000000000e+01
-5.500000000000000000e+01
-5.600000000000000000e+01
-5.800000000000000000e+01
-5.800000000000000000e+01
-5.700000000000000000e+01
-6.100000000000000000e+01
-6.500000000000000000e+01
-6.600000000000000000e+01
-6.300000000000000000e+01
-6.100000000000000000e+01
-6.100000000000000000e+01
-6.000000000000000000e+01
-6.000000000000000000e+01
-6.100000000000000000e+01
-6.000000000000000000e+01
-5.700000000000000000e+01
-5.600000000000000000e+01
-5.600000000000000000e+01
-5.400000000000000000e+01
-5.400000000000000000e+01
-5.000000000000000000e+01
-5.100000000000000000e+01
-5.100000000000000000e+01
-4.700000000000000000e+01
-4.600000000000000000e+01
-4.500000000000000000e+01
-4.400000000000000000e+01
-4.100000000000000000e+01
-3.900000000000000000e+01
-3.600000000000000000e+01
-3.500000000000000000e+01
-3.400000000000000000e+01
-3.300000000000000000e+01
-3.300000000000000000e+01
-3.400000000000000000e+01
-3.400000000000000000e+01
-3.100000000000000000e+01
-2.800000000000000000e+01
-2.500000000000000000e+01
-2.500000000000000000e+01
-2.100000000000000000e+01
-1.800000000000000000e+01
-1.900000000000000000e+01
-1.900000000000000000e+01
-2.000000000000000000e+01
-1.800000000000000000e+01
-1.800000000000000000e+01
-1.800000000000000000e+01
-1.500000000000000000e+01
-1.500000000000000000e+01
-1.300000000000000000e+01
-1.200000000000000000e+01
-1.200000000000000000e+01
-1.000000000000000000e+01
-1.000000000000000000e+01
-5.000000000000000000e+00
-5.000000000000000000e+00
-8.000000000000000000e+00
-8.000000000000000000e+00
-8.000000000000000000e+00
-5.000000000000000000e+00
-5.000000000000000000e+00
-9.000000000000000000e+00
-5.000000000000000000e+00
-4.000000000000000000e+00
-2.000000000000000000e+00
-3.000000000000000000e+00
-4.000000000000000000e+00
-4.000000000000000000e+00
-8.000000000000000000e+00
-1.000000000000000000e+01
-5.000000000000000000e+00
-2.000000000000000000e+00
-2.000000000000000000e+00
-2.000000000000000000e+00
-3.000000000000000000e+00
-8.000000000000000000e+00
-8.000000000000000000e+00
-8.000000000000000000e+00
-7.000000000000000000e+00
-5.000000000000000000e+00
-4.000000000000000000e+00
-2.000000000000000000e+00
1.000000000000000000e+00
-2.000000000000000000e+00
-2.000000000000000000e+00
1.000000000000000000e+00
0.000000000000000000e+00
1.000000000000000000e+00
3.000000000000000000e+00
6.000000000000000000e+00
7.000000000000000000e+00
4.000000000000000000e+00
2.000000000000000000e+00
-2.000000000000000000e+00
4.000000000000000000e+00
7.000000000000000000e+00
4.000000000000000000e+00
7.000000000000000000e+00
7.000000000000000000e+00
9.000000000000000000e+00
9.000000000000000000e+00
9.000000000000000000e+00
9.000000000000000000e+00
1.100000000000000000e+01
1.200000000000000000e+01
1.200000000000000000e+01
9.000000000000000000e+00
4.000000000000000000e+00
6.000000000000000000e+00
7.000000000000000000e+00
9.000000000000000000e+00
1.100000000000000000e+01
9.000000000000000000e+00
8.000000000000000000e+00
9.000000000000000000e+00
1.100000000000000000e+01
9.000000000000000000e+00
9.000000000000000000e+00
7.000000000000000000e+00
1.100000000000000000e+01
1.200000000000000000e+01
7.000000000000000000e+00
1.100000000000000000e+01
9.000000000000000000e+00
7.000000000000000000e+00
7.000000000000000000e+00
7.000000000000000000e+00
7.000000000000000000e+00
6.000000000000000000e+00
6.000000000000000000e+00
4.000000000000000000e+00
4.000000000000000000e+00
4.000000000000000000e+00
3.000000000000000000e+00
4.000000000000000000e+00
4.000000000000000000e+00
3.000000000000000000e+00
1.000000000000000000e+00
1.000000000000000000e+00
1.000000000000000000e+00
0.000000000000000000e+00
-2.000000000000000000e+00
-2.000000000000000000e+00
-3.000000000000000000e+00
-3.000000000000000000e+00
2.000000000000000000e+00
1.000000000000000000e+00
-2.000000000000000000e+00
1.000000000000000000e+00
1.000000000000000000e+00
1.000000000000000000e+00
2.000000000000000000e+00
1.000000000000000000e+00
1.000000000000000000e+00
1.000000000000000000e+00
2.000000000000000000e+00
2.000000000000000000e+00
1.000000000000000000e+00
2.000000000000000000e+00
2.000000000000000000e+00
2.000000000000000000e+00
2.000000000000000000e+00
1.000000000000000000e+00
1.000000000000000000e+00
2.000000000000000000e+00
1.000000000000000000e+00
2.000000000000000000e+00
2.000000000000000000e+00
2.000000000000000000e+00
2.000000000000000000e+00
1.000000000000000000e+00
1.000000000000000000e+00
1.000000000000000000e+00
0.000000000000000000e+00
0.000000000000000000e+00
0.000000000000000000e+00
0.000000000000000000e+00
0.000000000000000000e+00
0.000000000000000000e+00
0.000000000000000000e+00
-2.000000000000000000e+00
-2.000000000000000000e+00
-2.000000000000000000e+00
-2.000000000000000000e+00
0.000000000000000000e+00
0.000000000000000000e+00
0.000000000000000000e+00
0.000000000000000000e+00
-2.000000000000000000e+00
-2.000000000000000000e+00
-3.000000000000000000e+00
-3.000000000000000000e+00
-4.000000000000000000e+00
-4.000000000000000000e+00
-4.000000000000000000e+00
-3.000000000000000000e+00
-3.000000000000000000e+00
-2.000000000000000000e+00
0.000000000000000000e+00
0.000000000000000000e+00
0.000000000000000000e+00
-2.000000000000000000e+00
-2.000000000000000000e+00
-2.000000000000000000e+00
-2.000000000000000000e+00
-2.000000000000000000e+00
0.000000000000000000e+00
0.000000000000000000e+00
0.000000000000000000e+00
0.000000000000000000e+00
0.000000000000000000e+00
0.000000000000000000e+00
0.000000000000000000e+00
0.000000000000000000e+00
0.000000000000000000e+00
0.000000000000000000e+00
0.000000000000000000e+00
0.000000000000000000e+00
1.000000000000000000e+00
0.000000000000000000e+00
0.000000000000000000e+00
1.000000000000000000e+00
0.000000000000000000e+00
0.000000000000000000e+00
0.000000000000000000e+00
1.000000000000000000e+00
2.000000000000000000e+00
1.000000000000000000e+00
1.000000000000000000e+00
1.000000000000000000e+00
1.000000000000000000e+00
1.000000000000000000e+00
0.000000000000000000e+00
1.000000000000000000e+00
1.000000000000000000e+00
0.000000000000000000e+00
1.000000000000000000e+00
1.000000000000000000e+00
1.000000000000000000e+00
1.000000000000000000e+00
1.000000000000000000e+00
1.000000000000000000e+00
1.000000000000000000e+00
1.000000000000000000e+00
0.000000000000000000e+00
0.000000000000000000e+00
-2.000000000000000000e+00
-2.000000000000000000e+00
-2.000000000000000000e+00
0.000000000000000000e+00
4.000000000000000000e+00
0.000000000000000000e+00
1.000000000000000000e+00
3.000000000000000000e+00
1.000000000000000000e+00
3.000000000000000000e+00
4.000000000000000000e+00
3.000000000000000000e+00
4.000000000000000000e+00
3.000000000000000000e+00
3.000000000000000000e+00
3.000000000000000000e+00
4.000000000000000000e+00
4.000000000000000000e+00
4.000000000000000000e+00
3.000000000000000000e+00
4.000000000000000000e+00
4.000000000000000000e+00
3.000000000000000000e+00
3.000000000000000000e+00
3.000000000000000000e+00
3.000000000000000000e+00
3.000000000000000000e+00
4.000000000000000000e+00
4.000000000000000000e+00
3.000000000000000000e+00
4.000000000000000000e+00
4.000000000000000000e+00
3.000000000000000000e+00
4.000000000000000000e+00
3.000000000000000000e+00
3.000000000000000000e+00
4.000000000000000000e+00
4.000000000000000000e+00
4.000000000000000000e+00
3.000000000000000000e+00
3.000000000000000000e+00
3.000000000000000000e+00
3.000000000000000000e+00
3.000000000000000000e+00
3.000000000000000000e+00
3.000000000000000000e+00
3.000000000000000000e+00
3.000000000000000000e+00
3.000000000000000000e+00
3.000000000000000000e+00
3.000000000000000000e+00
3.000000000000000000e+00
3.000000000000000000e+00
3.000000000000000000e+00
3.000000000000000000e+00
3.000000000000000000e+00
3.000000000000000000e+00
3.000000000000000000e+00
3.000000000000000000e+00
3.000000000000000000e+00
3.000000000000000000e+00
3.000000000000000000e+00
3.000000000000000000e+00
3.000000000000000000e+00
3.000000000000000000e+00
3.000000000000000000e+00
3.000000000000000000e+00
3.000000000000000000e+00
2.000000000000000000e+00
2.000000000000000000e+00
2.000000000000000000e+00
3.000000000000000000e+00
2.000000000000000000e+00
3.000000000000000000e+00
2.000000000000000000e+00
3.000000000000000000e+00
3.000000000000000000e+00
3.000000000000000000e+00
2.000000000000000000e+00
1.000000000000000000e+00
1.000000000000000000e+00
2.000000000000000000e+00
2.000000000000000000e+00
1.000000000000000000e+00
2.000000000000000000e+00
1.000000000000000000e+00
2.000000000000000000e+00
2.000000000000000000e+00
2.000000000000000000e+00
2.000000000000000000e+00
2.000000000000000000e+00
2.000000000000000000e+00
2.000000000000000000e+00
2.000000000000000000e+00
2.000000000000000000e+00
2.000000000000000000e+00
2.000000000000000000e+00
1.000000000000000000e+00
0.000000000000000000e+00
1.000000000000000000e+00
0.000000000000000000e+00
1.000000000000000000e+00
0.000000000000000000e+00
-3.000000000000000000e+00
-2.000000000000000000e+00
-2.000000000000000000e+00
-2.000000000000000000e+00
-2.000000000000000000e+00
-2.000000000000000000e+00
-2.000000000000000000e+00
-2.000000000000000000e+00
-2.000000000000000000e+00
-2.000000000000000000e+00
-2.000000000000000000e+00
-2.000000000000000000e+00
-2.000000000000000000e+00
-2.000000000000000000e+00
-2.000000000000000000e+00
-2.000000000000000000e+00
-2.000000000000000000e+00
-2.000000000000000000e+00
-2.000000000000000000e+00
-2.000000000000000000e+00
-2.000000000000000000e+00
-2.000000000000000000e+00
-2.000000000000000000e+00
-2.000000000000000000e+00
-2.000000000000000000e+00
-2.000000000000000000e+00
-2.000000000000000000e+00
-2.000000000000000000e+00
-2.000000000000000000e+00
-2.000000000000000000e+00
-2.000000000000000000e+00
-2.000000000000000000e+00
-2.000000000000000000e+00
-2.000000000000000000e+00
-2.000000000000000000e+00
-2.000000000000000000e+00
-2.000000000000000000e+00
-2.000000000000000000e+00
-2.000000000000000000e+00
-2.000000000000000000e+00
-2.000000000000000000e+00
-2.000000000000000000e+00
-2.000000000000000000e+00
-2.000000000000000000e+00
-2.000000000000000000e+00
-2.000000000000000000e+00
-2.000000000000000000e+00
-2.000000000000000000e+00
-2.000000000000000000e+00
-2.000000000000000000e+00
-2.000000000000000000e+00
-2.000000000000000000e+00
-2.000000000000000000e+00
-2.000000000000000000e+00
-2.000000000000000000e+00
-2.000000000000000000e+00
-2.000000000000000000e+00
-2.000000000000000000e+00
-2.000000000000000000e+00
-2.000000000000000000e+00
-2.000000000000000000e+00
-2.000000000000000000e+00
-2.000000000000000000e+00
-2.000000000000000000e+00
-2.000000000000000000e+00
-2.000000000000000000e+00
-2.000000000000000000e+00
-2.000000000000000000e+00
-2.000000000000000000e+00
-2.000000000000000000e+00
-2.000000000000000000e+00
-2.000000000000000000e+00
-2.000000000000000000e+00
-2.000000000000000000e+00
-2.000000000000000000e+00
-2.000000000000000000e+00
-2.000000000000000000e+00
-2.000000000000000000e+00
-2.000000000000000000e+00
0.000000000000000000e+00
0.000000000000000000e+00
0.000000000000000000e+00
0.000000000000000000e+00
0.000000000000000000e+00
0.000000000000000000e+00
0.000000000000000000e+00
0.000000000000000000e+00
0.000000000000000000e+00
0.000000000000000000e+00
0.000000000000000000e+00
0.000000000000000000e+00
0.000000000000000000e+00
0.000000000000000000e+00
0.000000000000000000e+00
0.000000000000000000e+00
0.000000000000000000e+00
0.000000000000000000e+00
0.000000000000000000e+00
0.000000000000000000e+00
0.000000000000000000e+00
0.000000000000000000e+00
0.000000000000000000e+00
2.000000000000000000e+00
3.000000000000000000e+00
3.000000000000000000e+00
3.000000000000000000e+00
3.000000000000000000e+00
3.000000000000000000e+00
2.000000000000000000e+00
2.000000000000000000e+00
2.000000000000000000e+00
2.000000000000000000e+00
2.000000000000000000e+00
2.000000000000000000e+00
2.000000000000000000e+00
2.000000000000000000e+00
2.000000000000000000e+00
2.000000000000000000e+00
2.000000000000000000e+00
2.000000000000000000e+00
2.000000000000000000e+00
2.000000000000000000e+00
2.000000000000000000e+00
2.000000000000000000e+00
2.000000000000000000e+00
2.000000000000000000e+00
2.000000000000000000e+00
2.000000000000000000e+00
2.000000000000000000e+00
2.000000000000000000e+00
2.000000000000000000e+00
2.000000000000000000e+00
2.000000000000000000e+00
2.000000000000000000e+00
2.000000000000000000e+00
2.000000000000000000e+00
2.000000000000000000e+00
2.000000000000000000e+00
2.000000000000000000e+00
2.000000000000000000e+00
2.000000000000000000e+00
2.000000000000000000e+00
2.000000000000000000e+00
2.000000000000000000e+00
2.000000000000000000e+00
2.000000000000000000e+00
2.000000000000000000e+00
2.000000000000000000e+00
2.000000000000000000e+00
2.000000000000000000e+00
2.000000000000000000e+00
2.000000000000000000e+00
2.000000000000000000e+00
2.000000000000000000e+00
2.000000000000000000e+00
2.000000000000000000e+00
2.000000000000000000e+00
2.000000000000000000e+00
2.000000000000000000e+00
2.000000000000000000e+00
2.000000000000000000e+00
2.000000000000000000e+00
2.000000000000000000e+00
2.000000000000000000e+00
2.000000000000000000e+00
2.000000000000000000e+00
2.000000000000000000e+00
2.000000000000000000e+00
2.000000000000000000e+00
2.000000000000000000e+00
2.000000000000000000e+00
2.000000000000000000e+00
2.000000000000000000e+00
2.000000000000000000e+00
2.000000000000000000e+00
2.000000000000000000e+00
2.000000000000000000e+00
2.000000000000000000e+00
2.000000000000000000e+00
2.000000000000000000e+00
2.000000000000000000e+00
2.000000000000000000e+00
2.000000000000000000e+00
2.000000000000000000e+00
2.000000000000000000e+00
2.000000000000000000e+00
2.000000000000000000e+00
2.000000000000000000e+00
2.000000000000000000e+00
2.000000000000000000e+00
2.000000000000000000e+00
2.000000000000000000e+00
2.000000000000000000e+00
2.000000000000000000e+00
2.000000000000000000e+00
2.000000000000000000e+00
2.000000000000000000e+00
2.000000000000000000e+00
2.000000000000000000e+00
2.000000000000000000e+00
2.000000000000000000e+00
2.000000000000000000e+00
2.000000000000000000e+00
2.000000000000000000e+00
2.000000000000000000e+00
2.000000000000000000e+00
2.000000000000000000e+00
2.000000000000000000e+00
2.000000000000000000e+00
2.000000000000000000e+00
2.000000000000000000e+00
2.000000000000000000e+00
2.000000000000000000e+00
2.000000000000000000e+00
2.000000000000000000e+00
2.000000000000000000e+00
2.000000000000000000e+00
2.000000000000000000e+00
2.000000000000000000e+00
2.000000000000000000e+00
2.000000000000000000e+00
2.000000000000000000e+00
2.000000000000000000e+00
2.000000000000000000e+00
2.000000000000000000e+00
2.000000000000000000e+00
2.000000000000000000e+00
2.000000000000000000e+00
2.000000000000000000e+00
2.000000000000000000e+00
2.000000000000000000e+00
2.000000000000000000e+00
2.000000000000000000e+00
2.000000000000000000e+00
2.000000000000000000e+00
2.000000000000000000e+00
2.000000000000000000e+00
2.000000000000000000e+00
2.000000000000000000e+00
2.000000000000000000e+00
2.000000000000000000e+00
2.000000000000000000e+00
2.000000000000000000e+00
2.000000000000000000e+00
1.000000000000000000e+00
1.000000000000000000e+00
1.000000000000000000e+00
1.000000000000000000e+00
1.000000000000000000e+00
1.000000000000000000e+00
1.000000000000000000e+00
1.000000000000000000e+00
1.000000000000000000e+00
1.000000000000000000e+00
1.000000000000000000e+00
1.000000000000000000e+00
1.000000000000000000e+00
1.000000000000000000e+00
1.000000000000000000e+00
1.000000000000000000e+00
1.000000000000000000e+00
1.000000000000000000e+00
2.000000000000000000e+00
2.000000000000000000e+00
2.000000000000000000e+00
2.000000000000000000e+00
2.000000000000000000e+00
2.000000000000000000e+00
2.000000000000000000e+00
2.000000000000000000e+00
2.000000000000000000e+00
2.000000000000000000e+00
2.000000000000000000e+00
2.000000000000000000e+00
2.000000000000000000e+00
2.000000000000000000e+00
2.000000000000000000e+00
2.000000000000000000e+00
2.000000000000000000e+00
2.000000000000000000e+00
2.000000000000000000e+00
2.000000000000000000e+00
2.000000000000000000e+00
2.000000000000000000e+00
2.000000000000000000e+00
2.000000000000000000e+00
2.000000000000000000e+00
2.000000000000000000e+00
2.000000000000000000e+00
2.000000000000000000e+00
2.000000000000000000e+00
2.000000000000000000e+00
2.000000000000000000e+00
2.000000000000000000e+00
2.000000000000000000e+00
2.000000000000000000e+00
2.000000000000000000e+00
2.000000000000000000e+00
2.000000000000000000e+00
2.000000000000000000e+00
2.000000000000000000e+00
2.000000000000000000e+00
2.000000000000000000e+00
2.000000000000000000e+00
2.000000000000000000e+00
2.000000000000000000e+00
2.000000000000000000e+00
2.000000000000000000e+00
2.000000000000000000e+00
2.000000000000000000e+00
2.000000000000000000e+00
2.000000000000000000e+00
2.000000000000000000e+00
2.000000000000000000e+00
2.000000000000000000e+00
2.000000000000000000e+00
2.000000000000000000e+00
2.000000000000000000e+00
2.000000000000000000e+00
2.000000000000000000e+00
2.000000000000000000e+00
2.000000000000000000e+00
2.000000000000000000e+00
2.000000000000000000e+00
2.000000000000000000e+00
2.000000000000000000e+00
2.000000000000000000e+00
2.000000000000000000e+00
2.000000000000000000e+00
2.000000000000000000e+00
2.000000000000000000e+00
2.000000000000000000e+00
2.000000000000000000e+00
2.000000000000000000e+00
2.000000000000000000e+00
2.000000000000000000e+00
2.000000000000000000e+00
2.000000000000000000e+00
2.000000000000000000e+00
2.000000000000000000e+00
2.000000000000000000e+00
2.000000000000000000e+00
2.000000000000000000e+00
2.000000000000000000e+00
2.000000000000000000e+00
2.000000000000000000e+00
2.000000000000000000e+00
2.000000000000000000e+00
2.000000000000000000e+00
2.000000000000000000e+00
2.000000000000000000e+00
2.000000000000000000e+00
2.000000000000000000e+00
2.000000000000000000e+00
2.000000000000000000e+00
2.000000000000000000e+00
2.000000000000000000e+00
2.000000000000000000e+00
2.000000000000000000e+00
2.000000000000000000e+00
2.000000000000000000e+00
2.000000000000000000e+00
2.000000000000000000e+00
2.000000000000000000e+00
2.000000000000000000e+00
2.000000000000000000e+00
2.000000000000000000e+00
2.000000000000000000e+00
2.000000000000000000e+00
2.000000000000000000e+00
2.000000000000000000e+00
2.000000000000000000e+00
2.000000000000000000e+00
2.000000000000000000e+00
2.000000000000000000e+00
2.000000000000000000e+00
2.000000000000000000e+00
2.000000000000000000e+00
2.000000000000000000e+00
2.000000000000000000e+00
2.000000000000000000e+00
2.000000000000000000e+00
2.000000000000000000e+00
2.000000000000000000e+00
2.000000000000000000e+00
2.000000000000000000e+00
2.000000000000000000e+00
2.000000000000000000e+00
2.000000000000000000e+00
2.000000000000000000e+00
2.000000000000000000e+00
2.000000000000000000e+00
2.000000000000000000e+00
2.000000000000000000e+00
2.000000000000000000e+00
2.000000000000000000e+00
2.000000000000000000e+00
2.000000000000000000e+00
2.000000000000000000e+00
2.000000000000000000e+00
2.000000000000000000e+00
2.000000000000000000e+00
2.000000000000000000e+00
2.000000000000000000e+00
2.000000000000000000e+00
2.000000000000000000e+00
2.000000000000000000e+00
2.000000000000000000e+00
2.000000000000000000e+00
2.000000000000000000e+00
2.000000000000000000e+00
2.000000000000000000e+00
2.000000000000000000e+00
2.000000000000000000e+00
2.000000000000000000e+00
2.000000000000000000e+00
2.000000000000000000e+00
2.000000000000000000e+00
2.000000000000000000e+00
2.000000000000000000e+00
2.000000000000000000e+00
2.000000000000000000e+00
2.000000000000000000e+00
2.000000000000000000e+00
2.000000000000000000e+00
2.000000000000000000e+00
2.000000000000000000e+00
2.000000000000000000e+00
2.000000000000000000e+00
2.000000000000000000e+00
2.000000000000000000e+00
2.000000000000000000e+00
2.000000000000000000e+00
2.000000000000000000e+00
2.000000000000000000e+00
2.000000000000000000e+00
2.000000000000000000e+00
2.000000000000000000e+00
2.000000000000000000e+00
2.000000000000000000e+00
2.000000000000000000e+00
2.000000000000000000e+00
2.000000000000000000e+00
2.000000000000000000e+00
2.000000000000000000e+00
2.000000000000000000e+00
2.000000000000000000e+00
2.000000000000000000e+00
2.000000000000000000e+00
2.000000000000000000e+00
2.000000000000000000e+00
2.000000000000000000e+00
2.000000000000000000e+00
1.000000000000000000e+00
1.000000000000000000e+00
1.000000000000000000e+00
1.000000000000000000e+00
1.000000000000000000e+00
1.000000000000000000e+00
1.000000000000000000e+00
1.000000000000000000e+00
1.000000000000000000e+00
1.000000000000000000e+00
1.000000000000000000e+00
1.000000000000000000e+00
1.000000000000000000e+00
1.000000000000000000e+00
1.000000000000000000e+00
1.000000000000000000e+00
1.000000000000000000e+00
1.000000000000000000e+00
1.000000000000000000e+00
1.000000000000000000e+00
1.000000000000000000e+00
1.000000000000000000e+00
1.000000000000000000e+00
1.000000000000000000e+00
1.000000000000000000e+00
1.000000000000000000e+00
1.000000000000000000e+00
1.000000000000000000e+00
1.000000000000000000e+00
1.000000000000000000e+00
1.000000000000000000e+00
1.000000000000000000e+00
1.000000000000000000e+00
1.000000000000000000e+00
1.000000000000000000e+00
1.000000000000000000e+00
1.000000000000000000e+00
1.000000000000000000e+00
1.000000000000000000e+00
1.000000000000000000e+00
1.000000000000000000e+00
1.000000000000000000e+00
1.000000000000000000e+00
1.000000000000000000e+00
1.000000000000000000e+00
1.000000000000000000e+00
1.000000000000000000e+00
1.000000000000000000e+00
1.000000000000000000e+00
1.000000000000000000e+00
1.000000000000000000e+00
1.000000000000000000e+00
1.000000000000000000e+00
1.000000000000000000e+00
1.000000000000000000e+00
1.000000000000000000e+00
1.000000000000000000e+00
1.000000000000000000e+00
1.000000000000000000e+00
1.000000000000000000e+00
1.000000000000000000e+00
1.000000000000000000e+00
1.000000000000000000e+00
1.000000000000000000e+00
1.000000000000000000e+00
1.000000000000000000e+00
1.000000000000000000e+00
1.000000000000000000e+00
1.000000000000000000e+00
1.000000000000000000e+00
1.000000000000000000e+00
1.000000000000000000e+00
1.000000000000000000e+00
1.000000000000000000e+00
1.000000000000000000e+00
1.000000000000000000e+00
1.000000000000000000e+00
1.000000000000000000e+00
1.000000000000000000e+00
1.000000000000000000e+00
1.000000000000000000e+00
1.000000000000000000e+00
1.000000000000000000e+00
1.000000000000000000e+00
1.000000000000000000e+00
1.000000000000000000e+00
1.000000000000000000e+00
1.000000000000000000e+00
1.000000000000000000e+00
1.000000000000000000e+00
1.000000000000000000e+00
1.000000000000000000e+00
1.000000000000000000e+00
1.000000000000000000e+00
1.000000000000000000e+00
1.000000000000000000e+00
1.000000000000000000e+00
1.000000000000000000e+00
1.000000000000000000e+00
1.000000000000000000e+00
1.000000000000000000e+00
1.000000000000000000e+00
1.000000000000000000e+00
1.000000000000000000e+00
1.000000000000000000e+00
1.000000000000000000e+00
1.000000000000000000e+00
1.000000000000000000e+00
1.000000000000000000e+00
1.000000000000000000e+00
1.000000000000000000e+00
1.000000000000000000e+00
1.000000000000000000e+00
1.000000000000000000e+00
1.000000000000000000e+00
1.000000000000000000e+00
1.000000000000000000e+00
1.000000000000000000e+00
1.000000000000000000e+00
1.000000000000000000e+00
1.000000000000000000e+00
1.000000000000000000e+00
1.000000000000000000e+00
1.000000000000000000e+00
1.000000000000000000e+00
1.000000000000000000e+00
1.000000000000000000e+00
1.000000000000000000e+00
1.000000000000000000e+00
1.000000000000000000e+00
1.000000000000000000e+00
1.000000000000000000e+00
1.000000000000000000e+00
1.000000000000000000e+00
1.000000000000000000e+00
1.000000000000000000e+00
1.000000000000000000e+00
1.000000000000000000e+00
1.000000000000000000e+00
0.000000000000000000e+00
0.000000000000000000e+00
0.000000000000000000e+00
0.000000000000000000e+00
0.000000000000000000e+00
0.000000000000000000e+00
0.000000000000000000e+00
0.000000000000000000e+00
0.000000000000000000e+00
0.000000000000000000e+00
0.000000000000000000e+00
0.000000000000000000e+00
0.000000000000000000e+00
0.000000000000000000e+00
0.000000000000000000e+00
0.000000000000000000e+00
0.000000000000000000e+00
0.000000000000000000e+00
0.000000000000000000e+00
0.000000000000000000e+00
0.000000000000000000e+00
0.000000000000000000e+00
0.000000000000000000e+00
0.000000000000000000e+00
0.000000000000000000e+00
0.000000000000000000e+00
0.000000000000000000e+00
0.000000000000000000e+00
0.000000000000000000e+00
0.000000000000000000e+00
0.000000000000000000e+00
0.000000000000000000e+00
0.000000000000000000e+00
0.000000000000000000e+00
0.000000000000000000e+00
0.000000000000000000e+00
0.000000000000000000e+00
0.000000000000000000e+00
0.000000000000000000e+00
0.000000000000000000e+00
0.000000000000000000e+00
0.000000000000000000e+00
0.000000000000000000e+00
0.000000000000000000e+00
0.000000000000000000e+00
0.000000000000000000e+00
0.000000000000000000e+00
0.000000000000000000e+00
0.000000000000000000e+00
0.000000000000000000e+00
0.000000000000000000e+00
0.000000000000000000e+00
0.000000000000000000e+00
0.000000000000000000e+00
0.000000000000000000e+00
0.000000000000000000e+00
0.000000000000000000e+00
0.000000000000000000e+00
0.000000000000000000e+00
0.000000000000000000e+00
0.000000000000000000e+00
0.000000000000000000e+00
0.000000000000000000e+00
0.000000000000000000e+00
0.000000000000000000e+00
0.000000000000000000e+00
0.000000000000000000e+00
0.000000000000000000e+00
0.000000000000000000e+00
0.000000000000000000e+00
0.000000000000000000e+00
0.000000000000000000e+00
0.000000000000000000e+00
0.000000000000000000e+00
0.000000000000000000e+00
1.000000000000000000e+00
1.000000000000000000e+00
1.000000000000000000e+00
0.000000000000000000e+00
0.000000000000000000e+00
0.000000000000000000e+00
0.000000000000000000e+00
0.000000000000000000e+00
1.000000000000000000e+00
1.000000000000000000e+00
1.000000000000000000e+00
1.000000000000000000e+00
1.000000000000000000e+00
1.000000000000000000e+00
1.000000000000000000e+00
0.000000000000000000e+00
0.000000000000000000e+00
1.000000000000000000e+00
1.000000000000000000e+00
1.000000000000000000e+00
1.000000000000000000e+00
1.000000000000000000e+00
1.000000000000000000e+00
1.000000000000000000e+00
1.000000000000000000e+00
1.000000000000000000e+00
1.000000000000000000e+00
1.000000000000000000e+00
1.000000000000000000e+00
1.000000000000000000e+00
1.000000000000000000e+00
1.000000000000000000e+00
1.000000000000000000e+00
1.000000000000000000e+00
1.000000000000000000e+00
1.000000000000000000e+00
1.000000000000000000e+00
1.000000000000000000e+00
1.000000000000000000e+00
1.000000000000000000e+00
1.000000000000000000e+00
1.000000000000000000e+00
1.000000000000000000e+00
1.000000000000000000e+00
1.000000000000000000e+00
1.000000000000000000e+00
1.000000000000000000e+00
1.000000000000000000e+00
1.000000000000000000e+00
1.000000000000000000e+00
1.000000000000000000e+00
1.000000000000000000e+00
1.000000000000000000e+00
1.000000000000000000e+00
1.000000000000000000e+00
1.000000000000000000e+00
1.000000000000000000e+00
1.000000000000000000e+00
1.000000000000000000e+00
1.000000000000000000e+00
1.000000000000000000e+00
1.000000000000000000e+00
1.000000000000000000e+00
1.000000000000000000e+00
1.000000000000000000e+00
1.000000000000000000e+00
1.000000000000000000e+00
1.000000000000000000e+00
1.000000000000000000e+00
1.000000000000000000e+00
1.000000000000000000e+00
1.000000000000000000e+00
1.000000000000000000e+00
1.000000000000000000e+00
1.000000000000000000e+00
1.000000000000000000e+00
1.000000000000000000e+00
1.000000000000000000e+00
1.000000000000000000e+00
1.000000000000000000e+00
1.000000000000000000e+00
1.000000000000000000e+00
1.000000000000000000e+00
1.000000000000000000e+00
1.000000000000000000e+00
1.000000000000000000e+00
1.000000000000000000e+00
1.000000000000000000e+00
1.000000000000000000e+00
1.000000000000000000e+00
1.000000000000000000e+00
1.000000000000000000e+00
1.000000000000000000e+00
1.000000000000000000e+00
1.000000000000000000e+00
1.000000000000000000e+00
1.000000000000000000e+00
1.000000000000000000e+00
1.000000000000000000e+00
1.000000000000000000e+00
1.000000000000000000e+00
2.000000000000000000e+00
2.000000000000000000e+00
2.000000000000000000e+00
2.000000000000000000e+00
2.000000000000000000e+00
2.000000000000000000e+00
2.000000000000000000e+00
2.000000000000000000e+00
2.000000000000000000e+00
2.000000000000000000e+00
2.000000000000000000e+00
2.000000000000000000e+00
2.000000000000000000e+00
2.000000000000000000e+00
2.000000000000000000e+00
2.000000000000000000e+00
2.000000000000000000e+00
2.000000000000000000e+00
2.000000000000000000e+00
2.000000000000000000e+00
2.000000000000000000e+00
2.000000000000000000e+00
2.000000000000000000e+00
2.000000000000000000e+00
2.000000000000000000e+00
2.000000000000000000e+00
2.000000000000000000e+00
2.000000000000000000e+00
2.000000000000000000e+00
2.000000000000000000e+00
2.000000000000000000e+00
2.000000000000000000e+00
2.000000000000000000e+00
2.000000000000000000e+00
2.000000000000000000e+00
2.000000000000000000e+00
2.000000000000000000e+00
2.000000000000000000e+00
2.000000000000000000e+00
2.000000000000000000e+00
2.000000000000000000e+00
2.000000000000000000e+00
2.000000000000000000e+00
2.000000000000000000e+00
2.000000000000000000e+00
2.000000000000000000e+00
2.000000000000000000e+00
2.000000000000000000e+00
2.000000000000000000e+00
2.000000000000000000e+00
2.000000000000000000e+00
2.000000000000000000e+00
2.000000000000000000e+00
2.000000000000000000e+00
2.000000000000000000e+00
2.000000000000000000e+00
2.000000000000000000e+00
2.000000000000000000e+00
2.000000000000000000e+00
2.000000000000000000e+00
2.000000000000000000e+00
2.000000000000000000e+00
2.000000000000000000e+00
2.000000000000000000e+00
2.000000000000000000e+00
2.000000000000000000e+00
2.000000000000000000e+00
2.000000000000000000e+00
2.000000000000000000e+00
2.000000000000000000e+00
2.000000000000000000e+00
2.000000000000000000e+00
2.000000000000000000e+00
2.000000000000000000e+00
2.000000000000000000e+00
2.000000000000000000e+00
2.000000000000000000e+00
2.000000000000000000e+00
2.000000000000000000e+00
2.000000000000000000e+00
2.000000000000000000e+00
2.000000000000000000e+00
2.000000000000000000e+00
2.000000000000000000e+00
2.000000000000000000e+00
2.000000000000000000e+00
2.000000000000000000e+00
2.000000000000000000e+00
2.000000000000000000e+00
2.000000000000000000e+00
2.000000000000000000e+00
2.000000000000000000e+00
2.000000000000000000e+00
2.000000000000000000e+00
2.000000000000000000e+00
2.000000000000000000e+00
2.000000000000000000e+00
2.000000000000000000e+00
1.000000000000000000e+00
1.000000000000000000e+00
1.000000000000000000e+00
1.000000000000000000e+00
1.000000000000000000e+00
1.000000000000000000e+00
1.000000000000000000e+00
1.000000000000000000e+00
1.000000000000000000e+00
1.000000000000000000e+00
1.000000000000000000e+00
1.000000000000000000e+00
1.000000000000000000e+00
0.000000000000000000e+00
0.000000000000000000e+00
0.000000000000000000e+00
0.000000000000000000e+00
0.000000000000000000e+00
0.000000000000000000e+00
0.000000000000000000e+00
1.000000000000000000e+00
1.000000000000000000e+00
1.000000000000000000e+00
0.000000000000000000e+00
0.000000000000000000e+00
0.000000000000000000e+00
1.000000000000000000e+00
1.000000000000000000e+00
1.000000000000000000e+00
1.000000000000000000e+00
1.000000000000000000e+00
1.000000000000000000e+00
0.000000000000000000e+00
0.000000000000000000e+00
0.000000000000000000e+00
1.000000000000000000e+00
1.000000000000000000e+00
1.000000000000000000e+00
1.000000000000000000e+00
1.000000000000000000e+00
1.000000000000000000e+00
1.000000000000000000e+00
1.000000000000000000e+00
1.000000000000000000e+00
1.000000000000000000e+00
1.000000000000000000e+00
1.000000000000000000e+00
1.000000000000000000e+00
1.000000000000000000e+00
1.000000000000000000e+00
1.000000000000000000e+00
1.000000000000000000e+00
1.000000000000000000e+00
1.000000000000000000e+00
1.000000000000000000e+00
1.000000000000000000e+00
1.000000000000000000e+00
1.000000000000000000e+00
1.000000000000000000e+00
1.000000000000000000e+00
1.000000000000000000e+00
1.000000000000000000e+00
1.000000000000000000e+00
1.000000000000000000e+00
1.000000000000000000e+00
1.000000000000000000e+00
1.000000000000000000e+00
1.000000000000000000e+00
1.000000000000000000e+00
1.000000000000000000e+00
1.000000000000000000e+00
1.000000000000000000e+00
1.000000000000000000e+00
1.000000000000000000e+00
1.000000000000000000e+00
1.000000000000000000e+00
1.000000000000000000e+00
1.000000000000000000e+00
1.000000000000000000e+00
1.000000000000000000e+00
1.000000000000000000e+00
1.000000000000000000e+00
1.000000000000000000e+00
1.000000000000000000e+00
1.000000000000000000e+00
1.000000000000000000e+00
1.000000000000000000e+00
1.000000000000000000e+00
1.000000000000000000e+00
1.000000000000000000e+00
1.000000000000000000e+00
1.000000000000000000e+00
1.000000000000000000e+00
1.000000000000000000e+00
1.000000000000000000e+00
1.000000000000000000e+00
1.000000000000000000e+00
1.000000000000000000e+00
1.000000000000000000e+00
1.000000000000000000e+00
1.000000000000000000e+00
1.000000000000000000e+00
1.000000000000000000e+00
1.000000000000000000e+00
1.000000000000000000e+00
1.000000000000000000e+00
1.000000000000000000e+00
1.000000000000000000e+00
1.000000000000000000e+00
1.000000000000000000e+00
1.000000000000000000e+00
1.000000000000000000e+00
1.000000000000000000e+00
1.000000000000000000e+00
1.000000000000000000e+00
1.000000000000000000e+00
1.000000000000000000e+00
1.000000000000000000e+00
1.000000000000000000e+00
1.000000000000000000e+00
1.000000000000000000e+00
1.000000000000000000e+00
1.000000000000000000e+00
1.000000000000000000e+00
1.000000000000000000e+00
1.000000000000000000e+00
1.000000000000000000e+00
1.000000000000000000e+00
1.000000000000000000e+00
1.000000000000000000e+00
1.000000000000000000e+00
1.000000000000000000e+00
1.000000000000000000e+00
1.000000000000000000e+00
1.000000000000000000e+00
1.000000000000000000e+00
1.000000000000000000e+00
1.000000000000000000e+00
1.000000000000000000e+00
1.000000000000000000e+00
1.000000000000000000e+00
1.000000000000000000e+00
1.000000000000000000e+00
1.000000000000000000e+00
1.000000000000000000e+00
1.000000000000000000e+00
1.000000000000000000e+00
1.000000000000000000e+00
1.000000000000000000e+00
1.000000000000000000e+00
1.000000000000000000e+00
1.000000000000000000e+00
1.000000000000000000e+00
1.000000000000000000e+00
1.000000000000000000e+00
1.000000000000000000e+00
1.000000000000000000e+00
1.000000000000000000e+00
1.000000000000000000e+00
1.000000000000000000e+00
0.000000000000000000e+00
0.000000000000000000e+00
0.000000000000000000e+00
0.000000000000000000e+00
0.000000000000000000e+00
0.000000000000000000e+00
0.000000000000000000e+00
0.000000000000000000e+00
0.000000000000000000e+00
0.000000000000000000e+00
0.000000000000000000e+00
0.000000000000000000e+00
0.000000000000000000e+00
0.000000000000000000e+00
0.000000000000000000e+00
0.000000000000000000e+00
0.000000000000000000e+00
0.000000000000000000e+00
0.000000000000000000e+00
0.000000000000000000e+00
0.000000000000000000e+00
0.000000000000000000e+00
0.000000000000000000e+00
0.000000000000000000e+00
0.000000000000000000e+00
0.000000000000000000e+00
0.000000000000000000e+00
0.000000000000000000e+00
0.000000000000000000e+00
0.000000000000000000e+00
0.000000000000000000e+00
0.000000000000000000e+00
0.000000000000000000e+00
0.000000000000000000e+00
0.000000000000000000e+00
0.000000000000000000e+00
0.000000000000000000e+00
0.000000000000000000e+00
0.000000000000000000e+00
0.000000000000000000e+00
0.000000000000000000e+00
0.000000000000000000e+00
0.000000000000000000e+00
0.000000000000000000e+00
0.000000000000000000e+00
0.000000000000000000e+00
0.000000000000000000e+00
0.000000000000000000e+00
0.000000000000000000e+00
0.000000000000000000e+00
0.000000000000000000e+00
0.000000000000000000e+00
0.000000000000000000e+00
0.000000000000000000e+00
0.000000000000000000e+00
0.000000000000000000e+00
0.000000000000000000e+00
0.000000000000000000e+00
0.000000000000000000e+00
0.000000000000000000e+00
0.000000000000000000e+00
0.000000000000000000e+00
0.000000000000000000e+00
0.000000000000000000e+00
0.000000000000000000e+00
0.000000000000000000e+00
0.000000000000000000e+00
0.000000000000000000e+00
0.000000000000000000e+00
0.000000000000000000e+00
0.000000000000000000e+00
0.000000000000000000e+00
0.000000000000000000e+00
0.000000000000000000e+00
0.000000000000000000e+00
0.000000000000000000e+00
0.000000000000000000e+00
0.000000000000000000e+00
0.000000000000000000e+00
0.000000000000000000e+00
0.000000000000000000e+00
0.000000000000000000e+00
0.000000000000000000e+00
0.000000000000000000e+00
0.000000000000000000e+00
0.000000000000000000e+00
0.000000000000000000e+00
0.000000000000000000e+00
0.000000000000000000e+00
0.000000000000000000e+00
0.000000000000000000e+00
0.000000000000000000e+00
0.000000000000000000e+00
0.000000000000000000e+00
0.000000000000000000e+00
0.000000000000000000e+00
0.000000000000000000e+00
0.000000000000000000e+00
0.000000000000000000e+00
0.000000000000000000e+00
0.000000000000000000e+00
0.000000000000000000e+00
0.000000000000000000e+00
0.000000000000000000e+00
0.000000000000000000e+00
0.000000000000000000e+00
0.000000000000000000e+00
0.000000000000000000e+00
0.000000000000000000e+00
0.000000000000000000e+00
0.000000000000000000e+00
0.000000000000000000e+00
0.000000000000000000e+00
0.000000000000000000e+00
0.000000000000000000e+00
0.000000000000000000e+00
0.000000000000000000e+00
0.000000000000000000e+00
0.000000000000000000e+00
0.000000000000000000e+00
0.000000000000000000e+00
0.000000000000000000e+00
0.000000000000000000e+00
0.000000000000000000e+00
0.000000000000000000e+00
0.000000000000000000e+00
0.000000000000000000e+00
0.000000000000000000e+00
0.000000000000000000e+00
0.000000000000000000e+00
0.000000000000000000e+00
0.000000000000000000e+00
0.000000000000000000e+00
0.000000000000000000e+00
0.000000000000000000e+00
0.000000000000000000e+00
0.000000000000000000e+00
0.000000000000000000e+00
0.000000000000000000e+00
0.000000000000000000e+00
0.000000000000000000e+00
0.000000000000000000e+00
0.000000000000000000e+00
0.000000000000000000e+00
0.000000000000000000e+00
0.000000000000000000e+00
0.000000000000000000e+00
0.000000000000000000e+00
0.000000000000000000e+00
0.000000000000000000e+00
0.000000000000000000e+00
0.000000000000000000e+00
0.000000000000000000e+00
0.000000000000000000e+00
0.000000000000000000e+00
0.000000000000000000e+00
0.000000000000000000e+00
0.000000000000000000e+00
0.000000000000000000e+00
0.000000000000000000e+00
0.000000000000000000e+00
0.000000000000000000e+00
0.000000000000000000e+00
0.000000000000000000e+00
0.000000000000000000e+00
0.000000000000000000e+00
0.000000000000000000e+00
0.000000000000000000e+00
0.000000000000000000e+00
0.000000000000000000e+00
0.000000000000000000e+00
0.000000000000000000e+00
0.000000000000000000e+00
0.000000000000000000e+00
0.000000000000000000e+00
0.000000000000000000e+00
0.000000000000000000e+00
0.000000000000000000e+00
0.000000000000000000e+00
0.000000000000000000e+00
0.000000000000000000e+00
0.000000000000000000e+00
0.000000000000000000e+00
0.000000000000000000e+00
0.000000000000000000e+00
0.000000000000000000e+00
0.000000000000000000e+00
0.000000000000000000e+00
0.000000000000000000e+00
0.000000000000000000e+00
0.000000000000000000e+00
0.000000000000000000e+00
0.000000000000000000e+00
0.000000000000000000e+00
0.000000000000000000e+00
0.000000000000000000e+00
0.000000000000000000e+00
0.000000000000000000e+00
0.000000000000000000e+00
0.000000000000000000e+00
0.000000000000000000e+00
0.000000000000000000e+00
0.000000000000000000e+00
0.000000000000000000e+00
0.000000000000000000e+00
0.000000000000000000e+00
0.000000000000000000e+00
0.000000000000000000e+00
0.000000000000000000e+00
0.000000000000000000e+00
0.000000000000000000e+00
0.000000000000000000e+00
0.000000000000000000e+00
0.000000000000000000e+00
0.000000000000000000e+00
0.000000000000000000e+00
0.000000000000000000e+00
0.000000000000000000e+00
0.000000000000000000e+00
0.000000000000000000e+00
0.000000000000000000e+00
0.000000000000000000e+00
0.000000000000000000e+00
0.000000000000000000e+00
0.000000000000000000e+00
0.000000000000000000e+00
0.000000000000000000e+00
0.000000000000000000e+00
0.000000000000000000e+00
0.000000000000000000e+00
0.000000000000000000e+00
0.000000000000000000e+00
0.000000000000000000e+00
0.000000000000000000e+00
0.000000000000000000e+00
0.000000000000000000e+00
0.000000000000000000e+00
0.000000000000000000e+00
0.000000000000000000e+00
0.000000000000000000e+00
0.000000000000000000e+00
0.000000000000000000e+00
0.000000000000000000e+00
0.000000000000000000e+00
0.000000000000000000e+00
0.000000000000000000e+00
0.000000000000000000e+00
0.000000000000000000e+00
0.000000000000000000e+00
0.000000000000000000e+00
0.000000000000000000e+00
0.000000000000000000e+00
0.000000000000000000e+00
0.000000000000000000e+00
0.000000000000000000e+00
0.000000000000000000e+00
0.000000000000000000e+00
0.000000000000000000e+00
0.000000000000000000e+00
0.000000000000000000e+00
0.000000000000000000e+00
0.000000000000000000e+00
0.000000000000000000e+00
0.000000000000000000e+00
0.000000000000000000e+00
0.000000000000000000e+00
0.000000000000000000e+00
0.000000000000000000e+00
0.000000000000000000e+00
0.000000000000000000e+00
0.000000000000000000e+00
0.000000000000000000e+00
0.000000000000000000e+00
0.000000000000000000e+00
0.000000000000000000e+00
0.000000000000000000e+00
0.000000000000000000e+00
0.000000000000000000e+00
0.000000000000000000e+00
0.000000000000000000e+00
0.000000000000000000e+00
0.000000000000000000e+00
0.000000000000000000e+00
0.000000000000000000e+00
0.000000000000000000e+00
0.000000000000000000e+00
0.000000000000000000e+00
0.000000000000000000e+00
0.000000000000000000e+00
0.000000000000000000e+00
0.000000000000000000e+00
0.000000000000000000e+00
0.000000000000000000e+00
0.000000000000000000e+00
0.000000000000000000e+00
0.000000000000000000e+00
0.000000000000000000e+00
0.000000000000000000e+00
0.000000000000000000e+00
0.000000000000000000e+00
0.000000000000000000e+00
0.000000000000000000e+00
0.000000000000000000e+00
0.000000000000000000e+00
0.000000000000000000e+00
0.000000000000000000e+00
0.000000000000000000e+00
0.000000000000000000e+00
0.000000000000000000e+00
0.000000000000000000e+00
0.000000000000000000e+00
0.000000000000000000e+00
0.000000000000000000e+00
0.000000000000000000e+00
0.000000000000000000e+00
0.000000000000000000e+00
0.000000000000000000e+00
0.000000000000000000e+00
0.000000000000000000e+00
0.000000000000000000e+00
0.000000000000000000e+00
0.000000000000000000e+00
0.000000000000000000e+00
0.000000000000000000e+00
0.000000000000000000e+00
0.000000000000000000e+00
0.000000000000000000e+00
0.000000000000000000e+00
0.000000000000000000e+00
0.000000000000000000e+00
0.000000000000000000e+00
0.000000000000000000e+00
0.000000000000000000e+00
0.000000000000000000e+00
0.000000000000000000e+00
0.000000000000000000e+00
0.000000000000000000e+00
0.000000000000000000e+00
0.000000000000000000e+00
0.000000000000000000e+00
0.000000000000000000e+00
0.000000000000000000e+00
0.000000000000000000e+00
0.000000000000000000e+00
0.000000000000000000e+00
0.000000000000000000e+00
0.000000000000000000e+00
0.000000000000000000e+00
0.000000000000000000e+00
0.000000000000000000e+00
0.000000000000000000e+00
0.000000000000000000e+00
0.000000000000000000e+00
0.000000000000000000e+00
0.000000000000000000e+00
0.000000000000000000e+00
0.000000000000000000e+00
0.000000000000000000e+00
0.000000000000000000e+00
0.000000000000000000e+00
0.000000000000000000e+00
0.000000000000000000e+00
0.000000000000000000e+00
0.000000000000000000e+00
0.000000000000000000e+00
0.000000000000000000e+00
0.000000000000000000e+00
0.000000000000000000e+00
0.000000000000000000e+00
0.000000000000000000e+00
0.000000000000000000e+00
0.000000000000000000e+00
0.000000000000000000e+00
0.000000000000000000e+00
0.000000000000000000e+00
0.000000000000000000e+00
0.000000000000000000e+00
0.000000000000000000e+00
0.000000000000000000e+00
0.000000000000000000e+00
0.000000000000000000e+00
0.000000000000000000e+00
0.000000000000000000e+00
0.000000000000000000e+00
0.000000000000000000e+00
0.000000000000000000e+00
0.000000000000000000e+00
0.000000000000000000e+00
0.000000000000000000e+00
0.000000000000000000e+00
0.000000000000000000e+00
0.000000000000000000e+00
0.000000000000000000e+00
0.000000000000000000e+00
0.000000000000000000e+00
0.000000000000000000e+00
0.000000000000000000e+00
0.000000000000000000e+00
0.000000000000000000e+00
0.000000000000000000e+00
0.000000000000000000e+00
0.000000000000000000e+00
0.000000000000000000e+00
0.000000000000000000e+00
0.000000000000000000e+00
0.000000000000000000e+00
0.000000000000000000e+00
0.000000000000000000e+00
0.000000000000000000e+00
0.000000000000000000e+00
0.000000000000000000e+00
0.000000000000000000e+00
0.000000000000000000e+00
0.000000000000000000e+00
0.000000000000000000e+00
0.000000000000000000e+00
0.000000000000000000e+00
0.000000000000000000e+00
0.000000000000000000e+00
0.000000000000000000e+00
0.000000000000000000e+00
0.000000000000000000e+00
0.000000000000000000e+00
0.000000000000000000e+00
0.000000000000000000e+00
0.000000000000000000e+00
0.000000000000000000e+00
0.000000000000000000e+00
0.000000000000000000e+00
0.000000000000000000e+00
0.000000000000000000e+00
0.000000000000000000e+00
0.000000000000000000e+00
0.000000000000000000e+00
0.000000000000000000e+00
0.000000000000000000e+00
0.000000000000000000e+00
0.000000000000000000e+00
0.000000000000000000e+00
0.000000000000000000e+00
0.000000000000000000e+00
0.000000000000000000e+00
0.000000000000000000e+00
0.000000000000000000e+00
0.000000000000000000e+00
0.000000000000000000e+00
0.000000000000000000e+00
0.000000000000000000e+00
0.000000000000000000e+00
0.000000000000000000e+00
0.000000000000000000e+00
0.000000000000000000e+00
0.000000000000000000e+00
0.000000000000000000e+00
0.000000000000000000e+00
0.000000000000000000e+00
0.000000000000000000e+00
0.000000000000000000e+00
0.000000000000000000e+00
0.000000000000000000e+00
0.000000000000000000e+00
0.000000000000000000e+00
0.000000000000000000e+00
0.000000000000000000e+00
0.000000000000000000e+00
0.000000000000000000e+00
0.000000000000000000e+00
0.000000000000000000e+00
0.000000000000000000e+00
0.000000000000000000e+00
0.000000000000000000e+00
0.000000000000000000e+00
0.000000000000000000e+00
0.000000000000000000e+00
0.000000000000000000e+00
0.000000000000000000e+00
0.000000000000000000e+00
0.000000000000000000e+00
0.000000000000000000e+00
0.000000000000000000e+00
0.000000000000000000e+00
0.000000000000000000e+00
0.000000000000000000e+00
0.000000000000000000e+00
0.000000000000000000e+00
0.000000000000000000e+00
0.000000000000000000e+00
0.000000000000000000e+00
0.000000000000000000e+00
0.000000000000000000e+00
0.000000000000000000e+00
0.000000000000000000e+00
0.000000000000000000e+00
0.000000000000000000e+00
0.000000000000000000e+00
0.000000000000000000e+00
0.000000000000000000e+00
0.000000000000000000e+00
0.000000000000000000e+00
0.000000000000000000e+00
0.000000000000000000e+00
0.000000000000000000e+00
0.000000000000000000e+00
0.000000000000000000e+00
0.000000000000000000e+00
0.000000000000000000e+00
0.000000000000000000e+00
0.000000000000000000e+00
0.000000000000000000e+00
0.000000000000000000e+00
0.000000000000000000e+00
0.000000000000000000e+00
0.000000000000000000e+00
0.000000000000000000e+00
0.000000000000000000e+00
0.000000000000000000e+00
0.000000000000000000e+00
0.000000000000000000e+00
0.000000000000000000e+00
0.000000000000000000e+00
0.000000000000000000e+00
0.000000000000000000e+00
0.000000000000000000e+00
0.000000000000000000e+00
0.000000000000000000e+00
0.000000000000000000e+00
0.000000000000000000e+00
0.000000000000000000e+00
0.000000000000000000e+00
0.000000000000000000e+00
0.000000000000000000e+00
0.000000000000000000e+00
0.000000000000000000e+00
0.000000000000000000e+00
0.000000000000000000e+00
0.000000000000000000e+00
0.000000000000000000e+00
0.000000000000000000e+00
0.000000000000000000e+00
0.000000000000000000e+00
0.000000000000000000e+00
0.000000000000000000e+00
0.000000000000000000e+00
0.000000000000000000e+00
0.000000000000000000e+00
0.000000000000000000e+00
0.000000000000000000e+00
0.000000000000000000e+00
0.000000000000000000e+00
0.000000000000000000e+00
0.000000000000000000e+00
0.000000000000000000e+00
0.000000000000000000e+00
0.000000000000000000e+00
0.000000000000000000e+00
0.000000000000000000e+00
0.000000000000000000e+00
0.000000000000000000e+00
0.000000000000000000e+00
0.000000000000000000e+00
0.000000000000000000e+00
0.000000000000000000e+00
0.000000000000000000e+00
0.000000000000000000e+00
0.000000000000000000e+00
0.000000000000000000e+00
0.000000000000000000e+00
0.000000000000000000e+00
0.000000000000000000e+00
0.000000000000000000e+00
0.000000000000000000e+00
0.000000000000000000e+00
0.000000000000000000e+00
0.000000000000000000e+00
0.000000000000000000e+00
0.000000000000000000e+00
0.000000000000000000e+00
0.000000000000000000e+00
0.000000000000000000e+00
0.000000000000000000e+00
0.000000000000000000e+00
0.000000000000000000e+00
0.000000000000000000e+00
0.000000000000000000e+00
0.000000000000000000e+00
0.000000000000000000e+00
0.000000000000000000e+00
0.000000000000000000e+00
0.000000000000000000e+00
0.000000000000000000e+00
0.000000000000000000e+00
0.000000000000000000e+00
0.000000000000000000e+00
0.000000000000000000e+00
0.000000000000000000e+00
0.000000000000000000e+00
0.000000000000000000e+00
0.000000000000000000e+00
0.000000000000000000e+00
0.000000000000000000e+00
0.000000000000000000e+00
0.000000000000000000e+00
0.000000000000000000e+00
0.000000000000000000e+00
0.000000000000000000e+00
0.000000000000000000e+00
0.000000000000000000e+00
0.000000000000000000e+00
0.000000000000000000e+00
0.000000000000000000e+00
0.000000000000000000e+00
0.000000000000000000e+00
0.000000000000000000e+00
0.000000000000000000e+00
0.000000000000000000e+00
0.000000000000000000e+00
0.000000000000000000e+00
0.000000000000000000e+00
0.000000000000000000e+00
0.000000000000000000e+00
0.000000000000000000e+00
0.000000000000000000e+00
0.000000000000000000e+00
0.000000000000000000e+00
0.000000000000000000e+00
0.000000000000000000e+00
0.000000000000000000e+00
0.000000000000000000e+00
0.000000000000000000e+00
0.000000000000000000e+00
0.000000000000000000e+00
0.000000000000000000e+00
0.000000000000000000e+00
0.000000000000000000e+00
0.000000000000000000e+00
0.000000000000000000e+00
0.000000000000000000e+00
-2.000000000000000000e+00
0.000000000000000000e+00
1.000000000000000000e+00
0.000000000000000000e+00
-2.000000000000000000e+00
-2.000000000000000000e+00
0.000000000000000000e+00
1.000000000000000000e+00
-2.000000000000000000e+00
-2.000000000000000000e+00
-2.000000000000000000e+00
-2.000000000000000000e+00
1.000000000000000000e+00
0.000000000000000000e+00
-3.000000000000000000e+00
-3.000000000000000000e+00
0.000000000000000000e+00
0.000000000000000000e+00
-2.000000000000000000e+00
-2.000000000000000000e+00
-4.000000000000000000e+00
-2.000000000000000000e+00
0.000000000000000000e+00
0.000000000000000000e+00
0.000000000000000000e+00
-4.000000000000000000e+00
-3.000000000000000000e+00
1.000000000000000000e+00
0.000000000000000000e+00
-2.000000000000000000e+00
-3.000000000000000000e+00
-3.000000000000000000e+00
-2.000000000000000000e+00
0.000000000000000000e+00
1.000000000000000000e+00
-3.000000000000000000e+00
-3.000000000000000000e+00
0.000000000000000000e+00
-2.000000000000000000e+00
-2.000000000000000000e+00
0.000000000000000000e+00
-2.000000000000000000e+00
-3.000000000000000000e+00
-2.000000000000000000e+00
-2.000000000000000000e+00
0.000000000000000000e+00
-2.000000000000000000e+00
-3.000000000000000000e+00
-3.000000000000000000e+00
-2.000000000000000000e+00
0.000000000000000000e+00
-2.000000000000000000e+00
0.000000000000000000e+00
-4.000000000000000000e+00
-3.000000000000000000e+00
0.000000000000000000e+00
-3.000000000000000000e+00
-3.000000000000000000e+00
-3.000000000000000000e+00
0.000000000000000000e+00
-4.000000000000000000e+00
-4.000000000000000000e+00
0.000000000000000000e+00
-3.000000000000000000e+00
-3.000000000000000000e+00
-4.000000000000000000e+00
-2.000000000000000000e+00
-2.000000000000000000e+00
-2.000000000000000000e+00
-4.000000000000000000e+00
-5.000000000000000000e+00
0.000000000000000000e+00
0.000000000000000000e+00
-4.000000000000000000e+00
-4.000000000000000000e+00
-3.000000000000000000e+00
0.000000000000000000e+00
-3.000000000000000000e+00
-4.000000000000000000e+00
-2.000000000000000000e+00
-2.000000000000000000e+00
0.000000000000000000e+00
-3.000000000000000000e+00
-5.000000000000000000e+00
-2.000000000000000000e+00
-2.000000000000000000e+00
0.000000000000000000e+00
-3.000000000000000000e+00
-3.000000000000000000e+00
0.000000000000000000e+00
-3.000000000000000000e+00
-3.000000000000000000e+00
-2.000000000000000000e+00
-4.000000000000000000e+00
0.000000000000000000e+00
0.000000000000000000e+00
-4.000000000000000000e+00
-3.000000000000000000e+00
-3.000000000000000000e+00
-3.000000000000000000e+00
-3.000000000000000000e+00
-3.000000000000000000e+00
-3.000000000000000000e+00
-2.000000000000000000e+00
-2.000000000000000000e+00
-5.000000000000000000e+00
0.000000000000000000e+00
1.000000000000000000e+00
-3.000000000000000000e+00
0.000000000000000000e+00
-5.000000000000000000e+00
-5.000000000000000000e+00
-3.000000000000000000e+00
0.000000000000000000e+00
-2.000000000000000000e+00
0.000000000000000000e+00
0.000000000000000000e+00
-7.000000000000000000e+00
-5.000000000000000000e+00
-4.000000000000000000e+00
-2.000000000000000000e+00
2.000000000000000000e+00
1.000000000000000000e+00
0.000000000000000000e+00
-5.000000000000000000e+00
-1.200000000000000000e+01
-9.000000000000000000e+00
-7.000000000000000000e+00
-3.000000000000000000e+00
0.000000000000000000e+00
1.000000000000000000e+00
1.000000000000000000e+00
1.000000000000000000e+00
1.000000000000000000e+00
-2.000000000000000000e+00
0.000000000000000000e+00
-3.000000000000000000e+00
-3.000000000000000000e+00
4.000000000000000000e+00
8.000000000000000000e+00
1.300000000000000000e+01
8.000000000000000000e+00
7.000000000000000000e+00
9.000000000000000000e+00
1.400000000000000000e+01
2.400000000000000000e+01
4.300000000000000000e+01
5.100000000000000000e+01
5.300000000000000000e+01
4.900000000000000000e+01
3.000000000000000000e+01
1.400000000000000000e+01
1.100000000000000000e+01
1.400000000000000000e+01
7.000000000000000000e+00
-3.000000000000000000e+00
-3.000000000000000000e+00
-9.000000000000000000e+00
-2.400000000000000000e+01
-4.700000000000000000e+01
-6.200000000000000000e+01
-6.300000000000000000e+01
-6.700000000000000000e+01
-6.800000000000000000e+01
-8.300000000000000000e+01
-1.140000000000000000e+02
-1.200000000000000000e+02
-1.180000000000000000e+02
-1.160000000000000000e+02
-1.040000000000000000e+02
-6.100000000000000000e+01
-3.000000000000000000e+00
2.000000000000000000e+01
3.000000000000000000e+01
5.400000000000000000e+01
8.200000000000000000e+01
8.600000000000000000e+01
7.600000000000000000e+01
8.900000000000000000e+01
1.260000000000000000e+02
1.550000000000000000e+02
1.620000000000000000e+02
1.460000000000000000e+02
1.030000000000000000e+02
6.700000000000000000e+01
5.000000000000000000e+01
3.300000000000000000e+01
1.200000000000000000e+01
3.600000000000000000e+01
1.150000000000000000e+02
1.910000000000000000e+02
1.970000000000000000e+02
1.350000000000000000e+02
8.000000000000000000e+01
-1.200000000000000000e+01
-2.690000000000000000e+02
-5.740000000000000000e+02
-6.610000000000000000e+02
-4.320000000000000000e+02
-1.390000000000000000e+02
-1.190000000000000000e+02
-3.470000000000000000e+02
-5.350000000000000000e+02
-5.260000000000000000e+02
-3.730000000000000000e+02
-1.470000000000000000e+02
1.510000000000000000e+02
4.140000000000000000e+02
4.250000000000000000e+02
1.750000000000000000e+02
2.200000000000000000e+01
3.100000000000000000e+02
8.990000000000000000e+02
1.256000000000000000e+03
1.066000000000000000e+03
5.640000000000000000e+02
1.980000000000000000e+02
1.350000000000000000e+02
2.300000000000000000e+02
3.250000000000000000e+02
3.430000000000000000e+02
1.720000000000000000e+02
-2.820000000000000000e+02
-8.150000000000000000e+02
-1.013000000000000000e+03
-7.290000000000000000e+02
-3.440000000000000000e+02
-3.090000000000000000e+02
-5.870000000000000000e+02
-7.910000000000000000e+02
-7.220000000000000000e+02
-5.330000000000000000e+02
-3.670000000000000000e+02
-1.690000000000000000e+02
5.900000000000000000e+01
1.510000000000000000e+02
6.000000000000000000e+01
3.000000000000000000e+01
2.560000000000000000e+02
5.590000000000000000e+02
6.360000000000000000e+02
5.060000000000000000e+02
4.450000000000000000e+02
5.230000000000000000e+02
5.430000000000000000e+02
4.260000000000000000e+02
3.780000000000000000e+02
5.310000000000000000e+02
6.710000000000000000e+02
5.360000000000000000e+02
2.140000000000000000e+02
1.700000000000000000e+01
3.300000000000000000e+01
5.100000000000000000e+01
-8.700000000000000000e+01
-2.850000000000000000e+02
-4.130000000000000000e+02
-5.390000000000000000e+02
-7.640000000000000000e+02
-9.520000000000000000e+02
-8.520000000000000000e+02
-5.170000000000000000e+02
-3.230000000000000000e+02
-4.700000000000000000e+02
-7.130000000000000000e+02
-6.810000000000000000e+02
-3.790000000000000000e+02
-1.180000000000000000e+02
-5.100000000000000000e+01
-4.000000000000000000e+01
5.000000000000000000e+01
9.100000000000000000e+01
9.400000000000000000e+01
3.250000000000000000e+02
7.550000000000000000e+02
9.180000000000000000e+02
6.050000000000000000e+02
2.190000000000000000e+02
1.500000000000000000e+02
3.220000000000000000e+02
4.960000000000000000e+02
5.960000000000000000e+02
4.930000000000000000e+02
2.030000000000000000e+02
-3.100000000000000000e+01
-2.000000000000000000e+00
2.650000000000000000e+02
3.460000000000000000e+02
3.300000000000000000e+01
-5.280000000000000000e+02
-8.050000000000000000e+02
-5.170000000000000000e+02
-2.800000000000000000e+02
-5.030000000000000000e+02
-9.110000000000000000e+02
-9.030000000000000000e+02
-5.490000000000000000e+02
-4.090000000000000000e+02
-3.970000000000000000e+02
-3.680000000000000000e+02
-2.200000000000000000e+02
-9.500000000000000000e+01
-1.090000000000000000e+02
-2.900000000000000000e+01
2.000000000000000000e+02
7.400000000000000000e+02
1.371000000000000000e+03
1.671000000000000000e+03
1.418000000000000000e+03
6.240000000000000000e+02
-6.600000000000000000e+01
-2.960000000000000000e+02
1.010000000000000000e+02
9.140000000000000000e+02
1.135000000000000000e+03
3.820000000000000000e+02
-6.650000000000000000e+02
-9.560000000000000000e+02
-5.870000000000000000e+02
-5.580000000000000000e+02
-8.350000000000000000e+02
-9.270000000000000000e+02
-7.870000000000000000e+02
-6.110000000000000000e+02
-5.100000000000000000e+02
-4.710000000000000000e+02
-3.620000000000000000e+02
7.700000000000000000e+01
3.510000000000000000e+02
6.600000000000000000e+01
-2.300000000000000000e+01
3.910000000000000000e+02
5.670000000000000000e+02
2.600000000000000000e+02
3.040000000000000000e+02
8.160000000000000000e+02
7.370000000000000000e+02
-2.160000000000000000e+02
-8.470000000000000000e+02
-2.890000000000000000e+02
4.040000000000000000e+02
2.940000000000000000e+02
1.870000000000000000e+02
6.850000000000000000e+02
1.283000000000000000e+03
1.226000000000000000e+03
5.200000000000000000e+02
-1.160000000000000000e+02
-6.490000000000000000e+02
-9.790000000000000000e+02
-1.000000000000000000e+03
-8.490000000000000000e+02
-4.000000000000000000e+01
8.700000000000000000e+02
7.930000000000000000e+02
-4.790000000000000000e+02
-1.806000000000000000e+03
-2.189000000000000000e+03
-2.196000000000000000e+03
-1.901000000000000000e+03
-8.170000000000000000e+02
4.570000000000000000e+02
1.300000000000000000e+02
-8.710000000000000000e+02
-5.900000000000000000e+02
6.740000000000000000e+02
2.305000000000000000e+03
1.740000000000000000e+03
-6.580000000000000000e+02
-1.515000000000000000e+03
7.700000000000000000e+01
3.145000000000000000e+03
5.469000000000000000e+03
7.907000000000000000e+03
1.049100000000000000e+04
1.032100000000000000e+04
6.597000000000000000e+03
5.490000000000000000e+02
-5.914000000000000000e+03
-9.373000000000000000e+03
-6.307000000000000000e+03
-1.725000000000000000e+03
-2.336000000000000000e+03
-6.512000000000000000e+03
-9.577000000000000000e+03
-1.090900000000000000e+04
-1.229700000000000000e+04
-1.005300000000000000e+04
-4.120000000000000000e+03
-1.126000000000000000e+03
-1.233000000000000000e+03
3.580000000000000000e+02
4.437000000000000000e+03
7.004000000000000000e+03
7.104000000000000000e+03
6.630000000000000000e+03
5.606000000000000000e+03
4.729000000000000000e+03
5.391000000000000000e+03
6.342000000000000000e+03
4.353000000000000000e+03
2.618000000000000000e+03
3.844000000000000000e+03
2.404000000000000000e+03
-2.486000000000000000e+03
-5.083000000000000000e+03
-2.812000000000000000e+03
-1.300000000000000000e+01
-7.550000000000000000e+02
-2.579000000000000000e+03
-3.249000000000000000e+03
-4.548000000000000000e+03
-5.043000000000000000e+03
-6.190000000000000000e+02
4.919000000000000000e+03
5.316000000000000000e+03
1.701000000000000000e+03
-1.513000000000000000e+03
-1.148000000000000000e+03
2.207000000000000000e+03
4.880000000000000000e+03
5.060000000000000000e+03
2.305000000000000000e+03
-5.500000000000000000e+01
1.474000000000000000e+03
1.750000000000000000e+03
-1.323000000000000000e+03
-2.418000000000000000e+03
2.900000000000000000e+01
2.000000000000000000e+03
1.890000000000000000e+02
-2.083000000000000000e+03
-2.032000000000000000e+03
-1.852000000000000000e+03
-1.264000000000000000e+03
1.932000000000000000e+03
4.453000000000000000e+03
1.676000000000000000e+03
-2.804000000000000000e+03
-4.220000000000000000e+03
-2.001000000000000000e+03
1.661000000000000000e+03
2.916000000000000000e+03
2.350000000000000000e+02
-3.950000000000000000e+03
-4.288000000000000000e+03
-2.101000000000000000e+03
-2.258000000000000000e+03
-4.144000000000000000e+03
-4.810000000000000000e+03
-3.164000000000000000e+03
-3.257000000000000000e+03
-4.465000000000000000e+03
-3.206000000000000000e+03
-2.330000000000000000e+03
-3.308000000000000000e+03
-3.495000000000000000e+03
-1.062000000000000000e+03
1.196000000000000000e+03
9.890000000000000000e+02
3.900000000000000000e+01
6.750000000000000000e+02
3.409000000000000000e+03
4.871000000000000000e+03
3.620000000000000000e+03
1.248000000000000000e+03
-8.840000000000000000e+02
2.000000000000000000e+01
3.246000000000000000e+03
4.221000000000000000e+03
3.417000000000000000e+03
2.178000000000000000e+03
-9.510000000000000000e+02
-2.957000000000000000e+03
-1.026000000000000000e+03
1.932000000000000000e+03
2.613000000000000000e+03
1.617000000000000000e+03
9.670000000000000000e+02
1.212000000000000000e+03
1.369000000000000000e+03
1.898000000000000000e+03
4.001000000000000000e+03
4.022000000000000000e+03
2.890000000000000000e+03
3.113000000000000000e+03
1.886000000000000000e+03
6.150000000000000000e+02
1.275000000000000000e+03
4.082000000000000000e+03
4.440000000000000000e+03
2.130000000000000000e+02
-2.529000000000000000e+03
-1.568000000000000000e+03
-9.760000000000000000e+02
-1.699000000000000000e+03
1.746000000000000000e+03
4.246000000000000000e+03
2.323000000000000000e+03
-1.578000000000000000e+03
-4.966000000000000000e+03
-2.046000000000000000e+03
7.220000000000000000e+02
3.642000000000000000e+03
6.259000000000000000e+03
2.583000000000000000e+03
-2.370000000000000000e+03
-5.566000000000000000e+03
-4.489000000000000000e+03
-2.074000000000000000e+03
-1.036000000000000000e+03
-3.440000000000000000e+03
-7.636000000000000000e+03
-6.747000000000000000e+03
-2.604000000000000000e+03
-1.630000000000000000e+02
-2.582000000000000000e+03
-2.917000000000000000e+03
-4.937000000000000000e+03
-9.665000000000000000e+03
-5.895000000000000000e+03
1.911000000000000000e+03
9.031000000000000000e+03
6.112000000000000000e+03
-1.943000000000000000e+03
-4.515000000000000000e+03
-4.576000000000000000e+03
-1.209000000000000000e+03
1.990000000000000000e+02
-1.900000000000000000e+01
-1.719000000000000000e+03
-3.817000000000000000e+03
-7.345000000000000000e+03
-8.432000000000000000e+03
7.970000000000000000e+02
6.493000000000000000e+03
6.124000000000000000e+03
2.027000000000000000e+03
4.385000000000000000e+03
1.375800000000000000e+04
1.205300000000000000e+04
9.728000000000000000e+03
1.391700000000000000e+04
1.695800000000000000e+04
1.220700000000000000e+04
7.232000000000000000e+03
7.964000000000000000e+03
4.520000000000000000e+03
-1.900000000000000000e+03
-7.462000000000000000e+03
-6.440000000000000000e+03
-9.754000000000000000e+03
-1.978800000000000000e+04
-1.984200000000000000e+04
-1.608700000000000000e+04
-8.369000000000000000e+03
-3.811000000000000000e+03
-1.009100000000000000e+04
-1.517600000000000000e+04
-1.315100000000000000e+04
-4.590000000000000000e+03
1.193000000000000000e+03
2.958000000000000000e+03
3.415000000000000000e+03
3.770000000000000000e+03
3.940000000000000000e+03
1.193000000000000000e+03
2.880000000000000000e+02
8.440000000000000000e+02
2.497000000000000000e+03
1.050000000000000000e+03
-3.872000000000000000e+03
-2.624000000000000000e+03
2.230000000000000000e+02
-1.747000000000000000e+03
-2.121000000000000000e+03
2.776000000000000000e+03
3.235000000000000000e+03
-5.264000000000000000e+03
-7.746000000000000000e+03
3.296000000000000000e+03
1.482800000000000000e+04
1.724500000000000000e+04
8.016000000000000000e+03
-6.801000000000000000e+03
-1.117600000000000000e+04
2.302000000000000000e+03
2.120400000000000000e+04
2.020000000000000000e+04
1.210000000000000000e+03
-7.784000000000000000e+03
-1.401000000000000000e+03
4.514000000000000000e+03
1.192600000000000000e+04
2.051500000000000000e+04
1.097800000000000000e+04
-1.871000000000000000e+03
1.000000000000000000e+03
8.320000000000000000e+03
7.480000000000000000e+03
-8.650000000000000000e+02
3.152000000000000000e+03
7.302000000000000000e+03
-2.922000000000000000e+03
8.700000000000000000e+02
5.830000000000000000e+03
-5.757000000000000000e+03
-8.421000000000000000e+03
2.498000000000000000e+03
3.166000000000000000e+03
-1.299100000000000000e+04
-1.368700000000000000e+04
1.026700000000000000e+04
1.862200000000000000e+04
-4.141000000000000000e+03
-1.578000000000000000e+04
-7.179000000000000000e+03
-9.521000000000000000e+03
-1.037200000000000000e+04
-4.470000000000000000e+02
6.763000000000000000e+03
-6.438000000000000000e+03
-2.692100000000000000e+04
-1.989400000000000000e+04
-5.364000000000000000e+03
-4.656000000000000000e+03
-1.694800000000000000e+04
-2.300800000000000000e+04
-1.205600000000000000e+04
-2.165000000000000000e+03
5.655000000000000000e+03
8.540000000000000000e+02
-9.957000000000000000e+03
-7.619000000000000000e+03
2.146000000000000000e+03
9.520000000000000000e+03
1.143300000000000000e+04
1.268400000000000000e+04
5.773000000000000000e+03
-5.920000000000000000e+02
3.756000000000000000e+03
1.098400000000000000e+04
9.889000000000000000e+03
-1.475000000000000000e+03
-5.043000000000000000e+03
-5.581000000000000000e+03
-2.123000000000000000e+03
5.257000000000000000e+03
6.818000000000000000e+03
9.709000000000000000e+03
1.882000000000000000e+03
-7.996000000000000000e+03
-4.055000000000000000e+03
6.767000000000000000e+03
1.467500000000000000e+04
1.168800000000000000e+04
6.405000000000000000e+03
1.016000000000000000e+03
3.139000000000000000e+03
1.032500000000000000e+04
8.923000000000000000e+03
5.040000000000000000e+03
3.966000000000000000e+03
7.621000000000000000e+03
3.972000000000000000e+03
-2.690000000000000000e+02
6.622000000000000000e+03
3.944000000000000000e+03
-7.490000000000000000e+02
-5.120000000000000000e+02
-4.682000000000000000e+03
-5.549000000000000000e+03
-5.172000000000000000e+03
1.587000000000000000e+03
7.610000000000000000e+03
-3.169000000000000000e+03
-1.134900000000000000e+04
-1.058200000000000000e+04
-2.779000000000000000e+03
5.643000000000000000e+03
-4.576000000000000000e+03
-1.039000000000000000e+04
-2.795000000000000000e+03
6.050000000000000000e+02
1.307000000000000000e+03
-8.094000000000000000e+03
-1.279800000000000000e+04
-7.376000000000000000e+03
-6.642000000000000000e+03
-1.721000000000000000e+03
-2.102000000000000000e+03
-4.849000000000000000e+03
-2.207000000000000000e+03
-2.537000000000000000e+03
-1.603000000000000000e+03
-1.729000000000000000e+03
5.370000000000000000e+02
4.245000000000000000e+03
3.716000000000000000e+03
-3.210000000000000000e+02
-1.570000000000000000e+02
3.333000000000000000e+03
1.105000000000000000e+03
3.635000000000000000e+03
-2.327000000000000000e+03
-5.024000000000000000e+03
3.806000000000000000e+03
4.044000000000000000e+03
9.744000000000000000e+03
3.377000000000000000e+03
-6.445000000000000000e+03
-1.761000000000000000e+03
1.790000000000000000e+02
5.465000000000000000e+03
9.104000000000000000e+03
5.750000000000000000e+03
-2.032000000000000000e+03
-1.699000000000000000e+03
4.708000000000000000e+03
2.266000000000000000e+03
-1.708000000000000000e+03
5.680000000000000000e+02
7.581000000000000000e+03
-1.005000000000000000e+03
-6.589000000000000000e+03
3.815000000000000000e+03
9.494000000000000000e+03
1.043200000000000000e+04
-2.227000000000000000e+03
-1.101200000000000000e+04
-7.015000000000000000e+03
1.035000000000000000e+03
1.044800000000000000e+04
4.928000000000000000e+03
-4.543000000000000000e+03
-1.009000000000000000e+04
-9.231000000000000000e+03
-4.495000000000000000e+03
-6.291000000000000000e+03
-9.915000000000000000e+03
-1.197900000000000000e+04
-7.070000000000000000e+03
-2.426000000000000000e+03
-3.376000000000000000e+03
-6.588000000000000000e+03
-9.964000000000000000e+03
-6.959000000000000000e+03
-2.529000000000000000e+03
-1.014000000000000000e+03
-4.019000000000000000e+03
-2.632000000000000000e+03
6.050000000000000000e+03
5.846000000000000000e+03
-1.446000000000000000e+03
-4.062000000000000000e+03
9.060000000000000000e+02
4.782000000000000000e+03
3.234000000000000000e+03
-4.760000000000000000e+02
-4.257000000000000000e+03
-3.374000000000000000e+03
2.953000000000000000e+03
9.839000000000000000e+03
7.253000000000000000e+03
-4.847000000000000000e+03
-4.987000000000000000e+03
7.943000000000000000e+03
1.503700000000000000e+04
1.274700000000000000e+04
6.010000000000000000e+03
3.683000000000000000e+03
5.269000000000000000e+03
4.885000000000000000e+03
9.987000000000000000e+03
1.323400000000000000e+04
5.449000000000000000e+03
1.972000000000000000e+03
4.007000000000000000e+03
2.903000000000000000e+03
3.834000000000000000e+03
5.092000000000000000e+03
1.179000000000000000e+03
-3.304000000000000000e+03
-4.786000000000000000e+03
-4.250000000000000000e+02
2.992000000000000000e+03
-1.080000000000000000e+03
-8.860000000000000000e+02
2.470000000000000000e+02
-2.727000000000000000e+03
-2.277000000000000000e+03
-1.438000000000000000e+03
1.671000000000000000e+03
5.533000000000000000e+03
2.388000000000000000e+03
-2.844000000000000000e+03
-5.733000000000000000e+03
-5.943000000000000000e+03
6.050000000000000000e+02
4.589000000000000000e+03
-2.426000000000000000e+03
-8.043000000000000000e+03
-7.050000000000000000e+03
-2.017000000000000000e+03
1.650000000000000000e+03
-1.132000000000000000e+03
-2.979000000000000000e+03
-4.015000000000000000e+03
-6.552000000000000000e+03
-7.070000000000000000e+03
-3.760000000000000000e+03
1.162000000000000000e+03
1.352000000000000000e+03
-4.197000000000000000e+03
-7.340000000000000000e+03
-5.103000000000000000e+03
-2.248000000000000000e+03
-2.370000000000000000e+02
-3.156000000000000000e+03
-5.220000000000000000e+03
-4.668000000000000000e+03
-5.681000000000000000e+03
-2.419000000000000000e+03
-1.691000000000000000e+03
-3.151000000000000000e+03
-1.623000000000000000e+03
-2.084000000000000000e+03
-2.346000000000000000e+03
-1.244000000000000000e+03
-7.000000000000000000e+00
-1.370000000000000000e+02
1.910000000000000000e+02
2.493000000000000000e+03
5.632000000000000000e+03
3.678000000000000000e+03
2.510000000000000000e+02
4.475000000000000000e+03
5.259000000000000000e+03
2.615000000000000000e+03
3.560000000000000000e+03
4.055000000000000000e+03
4.510000000000000000e+03
4.081000000000000000e+03
3.418000000000000000e+03
3.913000000000000000e+03
1.645000000000000000e+03
1.950000000000000000e+02
7.340000000000000000e+02
-1.529000000000000000e+03
-1.732000000000000000e+03
1.453000000000000000e+03
9.660000000000000000e+02
-2.117000000000000000e+03
-4.756000000000000000e+03
-4.753000000000000000e+03
-8.440000000000000000e+02
-2.160000000000000000e+02
-1.036000000000000000e+03
-3.730000000000000000e+02
-2.593000000000000000e+03
-3.445000000000000000e+03
-2.186000000000000000e+03
-1.899000000000000000e+03
-1.361000000000000000e+03
-1.900000000000000000e+02
1.710000000000000000e+03
1.982000000000000000e+03
1.116000000000000000e+03
3.526000000000000000e+03
6.200000000000000000e+03
4.929000000000000000e+03
1.135000000000000000e+03
1.670000000000000000e+02
2.789000000000000000e+03
4.625000000000000000e+03
3.254000000000000000e+03
3.820000000000000000e+02
2.520000000000000000e+02
-3.230000000000000000e+02
-1.268000000000000000e+03
-3.040000000000000000e+02
-6.290000000000000000e+02
-4.410000000000000000e+02
-8.380000000000000000e+02
-2.244000000000000000e+03
-2.653000000000000000e+03
-4.358000000000000000e+03
-5.440000000000000000e+03
-6.109000000000000000e+03
-7.615000000000000000e+03
-6.954000000000000000e+03
-3.318000000000000000e+03
6.040000000000000000e+02
3.256000000000000000e+03
5.815000000000000000e+03
6.715000000000000000e+03
7.828000000000000000e+03
7.334000000000000000e+03
3.728000000000000000e+03
4.832000000000000000e+03
6.670000000000000000e+03
6.506000000000000000e+03
7.038000000000000000e+03
3.085000000000000000e+03
-1.503000000000000000e+03
-2.780000000000000000e+03
-3.431000000000000000e+03
-2.449000000000000000e+03
-3.133000000000000000e+03
-5.272000000000000000e+03
-3.389000000000000000e+03
-1.883000000000000000e+03
-3.117000000000000000e+03
-3.350000000000000000e+03
-5.651000000000000000e+03
-8.541000000000000000e+03
-6.213000000000000000e+03
-2.197000000000000000e+03
-7.710000000000000000e+02
-4.580000000000000000e+02
1.665000000000000000e+03
5.269000000000000000e+03
7.307000000000000000e+03
7.264000000000000000e+03
7.191000000000000000e+03
6.594000000000000000e+03
5.749000000000000000e+03
7.909000000000000000e+03
8.966000000000000000e+03
7.656000000000000000e+03
6.921000000000000000e+03
3.107000000000000000e+03
1.950000000000000000e+02
-1.578000000000000000e+03
-3.961000000000000000e+03
-2.171000000000000000e+03
-1.380000000000000000e+03
-1.524000000000000000e+03
-1.051000000000000000e+03
-2.149000000000000000e+03
-2.484000000000000000e+03
-3.622000000000000000e+03
-5.272000000000000000e+03
-5.452000000000000000e+03
-5.448000000000000000e+03
-5.392000000000000000e+03
-1.958000000000000000e+03
1.720000000000000000e+03
2.016000000000000000e+03
3.918000000000000000e+03
4.805000000000000000e+03
3.974000000000000000e+03
3.826000000000000000e+03
3.645000000000000000e+03
7.196000000000000000e+03
8.903000000000000000e+03
6.546000000000000000e+03
4.289000000000000000e+03
1.203000000000000000e+03
-2.150000000000000000e+02
-2.590000000000000000e+02
-1.744000000000000000e+03
-4.682000000000000000e+03
-5.175000000000000000e+03
-3.054000000000000000e+03
-1.635000000000000000e+03
-2.825000000000000000e+03
-6.523000000000000000e+03
-9.406000000000000000e+03
-1.017800000000000000e+04
-8.914000000000000000e+03
-6.777000000000000000e+03
-5.433000000000000000e+03
-3.757000000000000000e+03
-1.748000000000000000e+03
8.710000000000000000e+02
3.642000000000000000e+03
3.836000000000000000e+03
2.456000000000000000e+03
2.024000000000000000e+03
2.147000000000000000e+03
4.282000000000000000e+03
5.897000000000000000e+03
1.635000000000000000e+03
-2.277000000000000000e+03
-2.375000000000000000e+03
-2.313000000000000000e+03
-3.347000000000000000e+03
-5.085000000000000000e+03
-5.788000000000000000e+03
-4.325000000000000000e+03
-7.710000000000000000e+02
5.550000000000000000e+02
-1.575000000000000000e+03
-4.903000000000000000e+03
-6.653000000000000000e+03
-5.398000000000000000e+03
-3.228000000000000000e+03
-1.146000000000000000e+03
-2.190000000000000000e+03
-1.503000000000000000e+03
3.063000000000000000e+03
6.466000000000000000e+03
8.161000000000000000e+03
5.701000000000000000e+03
3.785000000000000000e+03
4.311000000000000000e+03
5.817000000000000000e+03
7.683000000000000000e+03
5.632000000000000000e+03
3.484000000000000000e+03
1.964000000000000000e+03
1.000000000000000000e+00
-1.635000000000000000e+03
-2.982000000000000000e+03
-2.694000000000000000e+03
-2.631000000000000000e+03
-2.367000000000000000e+03
-2.440000000000000000e+03
-1.591000000000000000e+03
9.670000000000000000e+02
6.520000000000000000e+02
-1.577000000000000000e+03
-2.684000000000000000e+03
-2.281000000000000000e+03
-1.072000000000000000e+03
3.270000000000000000e+02
1.761000000000000000e+03
2.816000000000000000e+03
2.794000000000000000e+03
3.620000000000000000e+03
5.740000000000000000e+03
5.259000000000000000e+03
4.001000000000000000e+03
4.457000000000000000e+03
6.529000000000000000e+03
6.191000000000000000e+03
2.467000000000000000e+03
2.768000000000000000e+03
2.306000000000000000e+03
-5.280000000000000000e+02
-1.380000000000000000e+03
-4.129000000000000000e+03
-4.908000000000000000e+03
-3.531000000000000000e+03
-2.701000000000000000e+03
-1.480000000000000000e+02
-6.420000000000000000e+02
-2.857000000000000000e+03
-2.405000000000000000e+03
-2.383000000000000000e+03
-1.732000000000000000e+03
-5.690000000000000000e+02
-1.212000000000000000e+03
-3.630000000000000000e+02
1.819000000000000000e+03
3.624000000000000000e+03
6.078000000000000000e+03
6.000000000000000000e+03
4.694000000000000000e+03
5.172000000000000000e+03
5.047000000000000000e+03
6.010000000000000000e+03
5.434000000000000000e+03
1.453000000000000000e+03
9.030000000000000000e+02
4.110000000000000000e+02
-2.280000000000000000e+03
-3.199000000000000000e+03
-5.233000000000000000e+03
-6.053000000000000000e+03
-4.521000000000000000e+03
-3.060000000000000000e+03
-1.885000000000000000e+03
-3.090000000000000000e+03
-4.113000000000000000e+03
-3.838000000000000000e+03
-4.068000000000000000e+03
-5.545000000000000000e+03
-5.704000000000000000e+03
-2.361000000000000000e+03
-2.540000000000000000e+02
1.301000000000000000e+03
3.090000000000000000e+03
4.558000000000000000e+03
6.813000000000000000e+03
5.206000000000000000e+03
3.770000000000000000e+03
4.499000000000000000e+03
2.848000000000000000e+03
1.984000000000000000e+03
1.759000000000000000e+03
6.270000000000000000e+02
-1.305000000000000000e+03
-4.097000000000000000e+03
-5.846000000000000000e+03
-5.932000000000000000e+03
-6.107000000000000000e+03
-4.870000000000000000e+03
-2.973000000000000000e+03
-3.561000000000000000e+03
-4.354000000000000000e+03
-4.717000000000000000e+03
-4.460000000000000000e+03
-3.654000000000000000e+03
-5.023000000000000000e+03
-4.983000000000000000e+03
-3.138000000000000000e+03
-4.960000000000000000e+02
3.868000000000000000e+03
7.148000000000000000e+03
9.656000000000000000e+03
9.824000000000000000e+03
7.328000000000000000e+03
4.684000000000000000e+03
4.522000000000000000e+03
5.914000000000000000e+03
5.116000000000000000e+03
4.304000000000000000e+03
9.350000000000000000e+02
-3.132000000000000000e+03
-1.654000000000000000e+03
-1.962000000000000000e+03
-4.465000000000000000e+03
-5.304000000000000000e+03
-6.912000000000000000e+03
-5.141000000000000000e+03
-2.619000000000000000e+03
-3.588000000000000000e+03
-2.875000000000000000e+03
-3.692000000000000000e+03
-6.504000000000000000e+03
-5.576000000000000000e+03
-4.558000000000000000e+03
-1.641000000000000000e+03
2.476000000000000000e+03
3.223000000000000000e+03
5.994000000000000000e+03
7.947000000000000000e+03
7.703000000000000000e+03
9.400000000000000000e+03
8.871000000000000000e+03
6.444000000000000000e+03
5.994000000000000000e+03
5.135000000000000000e+03
3.826000000000000000e+03
3.791000000000000000e+03
1.582000000000000000e+03
-6.550000000000000000e+02
-2.800000000000000000e+03
-6.332000000000000000e+03
-6.542000000000000000e+03
-6.418000000000000000e+03
-5.581000000000000000e+03
-4.317000000000000000e+03
-5.839000000000000000e+03
-5.646000000000000000e+03
-6.004000000000000000e+03
-7.082000000000000000e+03
-6.187000000000000000e+03
-5.257000000000000000e+03
-4.068000000000000000e+03
-2.078000000000000000e+03
1.014000000000000000e+03
4.205000000000000000e+03
7.688000000000000000e+03
9.970000000000000000e+03
9.009000000000000000e+03
6.305000000000000000e+03
4.368000000000000000e+03
5.825000000000000000e+03
6.831000000000000000e+03
5.158000000000000000e+03
2.747000000000000000e+03
-9.200000000000000000e+01
-1.491000000000000000e+03
-3.262000000000000000e+03
-4.774000000000000000e+03
-5.072000000000000000e+03
-5.698000000000000000e+03
-3.607000000000000000e+03
-2.495000000000000000e+03
-3.305000000000000000e+03
-2.282000000000000000e+03
-3.316000000000000000e+03
-5.018000000000000000e+03
-5.323000000000000000e+03
-5.622000000000000000e+03
-3.655000000000000000e+03
-3.420000000000000000e+02
2.162000000000000000e+03
4.702000000000000000e+03
6.037000000000000000e+03
5.341000000000000000e+03
7.340000000000000000e+03
9.417000000000000000e+03
7.062000000000000000e+03
5.712000000000000000e+03
4.262000000000000000e+03
3.431000000000000000e+03
4.101000000000000000e+03
8.530000000000000000e+02
-1.458000000000000000e+03
-2.366000000000000000e+03
-3.047000000000000000e+03
-2.202000000000000000e+03
-3.879000000000000000e+03
-5.373000000000000000e+03
-4.902000000000000000e+03
-3.721000000000000000e+03
-3.383000000000000000e+03
-3.870000000000000000e+03
-3.172000000000000000e+03
-4.305000000000000000e+03
-4.840000000000000000e+03
-3.918000000000000000e+03
-2.092000000000000000e+03
3.594000000000000000e+03
7.376000000000000000e+03
8.974000000000000000e+03
8.060000000000000000e+03
3.483000000000000000e+03
2.546000000000000000e+03
4.478000000000000000e+03
6.148000000000000000e+03
5.315000000000000000e+03
2.984000000000000000e+03
8.490000000000000000e+02
-1.042000000000000000e+03
-9.360000000000000000e+02
-3.324000000000000000e+03
-4.104000000000000000e+03
-3.161000000000000000e+03
-4.788000000000000000e+03
-3.026000000000000000e+03
-2.685000000000000000e+03
-3.495000000000000000e+03
-3.671000000000000000e+03
-6.455000000000000000e+03
-6.144000000000000000e+03
-5.877000000000000000e+03
-5.225000000000000000e+03
-2.454000000000000000e+03
-2.710000000000000000e+03
-1.490000000000000000e+03
1.146000000000000000e+03
3.447000000000000000e+03
6.318000000000000000e+03
6.734000000000000000e+03
6.447000000000000000e+03
4.769000000000000000e+03
1.514000000000000000e+03
2.438000000000000000e+03
3.905000000000000000e+03
3.017000000000000000e+03
2.654000000000000000e+03
-6.710000000000000000e+02
-2.953000000000000000e+03
-2.080000000000000000e+03
-3.171000000000000000e+03
-2.022000000000000000e+03
-2.902000000000000000e+03
-6.427000000000000000e+03
-4.060000000000000000e+03
-3.296000000000000000e+03
-3.188000000000000000e+03
-1.059000000000000000e+03
-4.724000000000000000e+03
-6.498000000000000000e+03
-4.565000000000000000e+03
-3.521000000000000000e+03
1.507000000000000000e+03
6.110000000000000000e+03
7.587000000000000000e+03
8.532000000000000000e+03
5.536000000000000000e+03
2.106000000000000000e+03
2.609000000000000000e+03
3.482000000000000000e+03
3.874000000000000000e+03
4.628000000000000000e+03
3.277000000000000000e+03
1.235000000000000000e+03
1.826000000000000000e+03
7.700000000000000000e+02
-7.450000000000000000e+02
-3.460000000000000000e+02
-1.962000000000000000e+03
-1.869000000000000000e+03
-8.560000000000000000e+02
-3.650000000000000000e+02
8.280000000000000000e+02
-1.969000000000000000e+03
-4.553000000000000000e+03
-4.714000000000000000e+03
-6.009000000000000000e+03
-5.009000000000000000e+03
-1.459000000000000000e+03
9.630000000000000000e+02
3.197000000000000000e+03
4.756000000000000000e+03
4.452000000000000000e+03
4.505000000000000000e+03
3.017000000000000000e+03
1.959000000000000000e+03
2.016000000000000000e+03
3.030000000000000000e+02
2.339000000000000000e+03
3.424000000000000000e+03
-1.130000000000000000e+02
-1.062000000000000000e+03
-2.301000000000000000e+03
-3.371000000000000000e+03
-1.434000000000000000e+03
-1.691000000000000000e+03
-3.543000000000000000e+03
-3.431000000000000000e+03
-1.968000000000000000e+03
-4.170000000000000000e+02
-6.390000000000000000e+02
-4.166000000000000000e+03
-6.549000000000000000e+03
-6.185000000000000000e+03
-5.533000000000000000e+03
-1.561000000000000000e+03
1.924000000000000000e+03
3.860000000000000000e+03
6.562000000000000000e+03
5.780000000000000000e+03
6.003000000000000000e+03
6.163000000000000000e+03
4.384000000000000000e+03
3.331000000000000000e+03
3.620000000000000000e+02
1.026000000000000000e+03
2.403000000000000000e+03
7.000000000000000000e+02
-4.660000000000000000e+02
-4.231000000000000000e+03
-5.677000000000000000e+03
-4.167000000000000000e+03
-3.945000000000000000e+03
-2.550000000000000000e+03
-7.780000000000000000e+02
4.650000000000000000e+02
8.460000000000000000e+02
-1.260000000000000000e+03
-4.088000000000000000e+03
-3.797000000000000000e+03
-3.091000000000000000e+03
-2.530000000000000000e+03
-1.210000000000000000e+03
-4.780000000000000000e+02
1.574000000000000000e+03
3.315000000000000000e+03
5.169000000000000000e+03
5.232000000000000000e+03
5.480000000000000000e+03
7.161000000000000000e+03
4.042000000000000000e+03
2.716000000000000000e+03
2.308000000000000000e+03
1.494000000000000000e+03
2.477000000000000000e+03
-1.554000000000000000e+03
-3.357000000000000000e+03
-2.254000000000000000e+03
-2.997000000000000000e+03
-1.883000000000000000e+03
-2.577000000000000000e+03
-4.656000000000000000e+03
-4.284000000000000000e+03
-2.091000000000000000e+03
-1.477000000000000000e+03
-2.562000000000000000e+03
-2.685000000000000000e+03
-2.680000000000000000e+03
-2.409000000000000000e+03
-2.295000000000000000e+03
-1.483000000000000000e+03
8.460000000000000000e+02
3.807000000000000000e+03
6.311000000000000000e+03
6.993000000000000000e+03
6.968000000000000000e+03
5.423000000000000000e+03
2.710000000000000000e+03
6.650000000000000000e+02
-3.940000000000000000e+02
1.066000000000000000e+03
2.577000000000000000e+03
1.706000000000000000e+03
1.410000000000000000e+02
-1.564000000000000000e+03
-2.377000000000000000e+03
-2.673000000000000000e+03
-3.621000000000000000e+03
-4.570000000000000000e+03
-4.293000000000000000e+03
-2.050000000000000000e+03
-9.110000000000000000e+02
-1.744000000000000000e+03
-2.775000000000000000e+03
-3.360000000000000000e+03
-2.985000000000000000e+03
-3.000000000000000000e+03
-2.277000000000000000e+03
-1.560000000000000000e+02
1.996000000000000000e+03
4.941000000000000000e+03
6.565000000000000000e+03
6.316000000000000000e+03
6.402000000000000000e+03
5.421000000000000000e+03
3.905000000000000000e+03
1.967000000000000000e+03
1.185000000000000000e+03
2.986000000000000000e+03
1.227000000000000000e+03
-1.417000000000000000e+03
-2.276000000000000000e+03
-4.363000000000000000e+03
-4.028000000000000000e+03
0.000000000000000000e+00
0.000000000000000000e+00
0.000000000000000000e+00
0.000000000000000000e+00
0.000000000000000000e+00
0.000000000000000000e+00
0.000000000000000000e+00
0.000000000000000000e+00
0.000000000000000000e+00
0.000000000000000000e+00
0.000000000000000000e+00
0.000000000000000000e+00
0.000000000000000000e+00
0.000000000000000000e+00
0.000000000000000000e+00
0.000000000000000000e+00
0.000000000000000000e+00
0.000000000000000000e+00
0.000000000000000000e+00
0.000000000000000000e+00
0.000000000000000000e+00
0.000000000000000000e+00
0.000000000000000000e+00
0.000000000000000000e+00
0.000000000000000000e+00
0.000000000000000000e+00
0.000000000000000000e+00
0.000000000000000000e+00
0.000000000000000000e+00
0.000000000000000000e+00
0.000000000000000000e+00
0.000000000000000000e+00
0.000000000000000000e+00
0.000000000000000000e+00
0.000000000000000000e+00
0.000000000000000000e+00
0.000000000000000000e+00
0.000000000000000000e+00
0.000000000000000000e+00
0.000000000000000000e+00
0.000000000000000000e+00
0.000000000000000000e+00
0.000000000000000000e+00
0.000000000000000000e+00
0.000000000000000000e+00
0.000000000000000000e+00
0.000000000000000000e+00
0.000000000000000000e+00
0.000000000000000000e+00
0.000000000000000000e+00
0.000000000000000000e+00
0.000000000000000000e+00
0.000000000000000000e+00
0.000000000000000000e+00
0.000000000000000000e+00
0.000000000000000000e+00
0.000000000000000000e+00
0.000000000000000000e+00
0.000000000000000000e+00
0.000000000000000000e+00
0.000000000000000000e+00
0.000000000000000000e+00
0.000000000000000000e+00
0.000000000000000000e+00
0.000000000000000000e+00
0.000000000000000000e+00
0.000000000000000000e+00
0.000000000000000000e+00
0.000000000000000000e+00
0.000000000000000000e+00
0.000000000000000000e+00
0.000000000000000000e+00
0.000000000000000000e+00
0.000000000000000000e+00
0.000000000000000000e+00
0.000000000000000000e+00
0.000000000000000000e+00
0.000000000000000000e+00
0.000000000000000000e+00
0.000000000000000000e+00
0.000000000000000000e+00
0.000000000000000000e+00
0.000000000000000000e+00
0.000000000000000000e+00
0.000000000000000000e+00
0.000000000000000000e+00
0.000000000000000000e+00
0.000000000000000000e+00
0.000000000000000000e+00
0.000000000000000000e+00
0.000000000000000000e+00
0.000000000000000000e+00
0.000000000000000000e+00
0.000000000000000000e+00
0.000000000000000000e+00
0.000000000000000000e+00
0.000000000000000000e+00
0.000000000000000000e+00
0.000000000000000000e+00
0.000000000000000000e+00
0.000000000000000000e+00
0.000000000000000000e+00
0.000000000000000000e+00
0.000000000000000000e+00
0.000000000000000000e+00
0.000000000000000000e+00
0.000000000000000000e+00
0.000000000000000000e+00
0.000000000000000000e+00
0.000000000000000000e+00
0.000000000000000000e+00
0.000000000000000000e+00
0.000000000000000000e+00
0.000000000000000000e+00
0.000000000000000000e+00
0.000000000000000000e+00
0.000000000000000000e+00
0.000000000000000000e+00
0.000000000000000000e+00
0.000000000000000000e+00
0.000000000000000000e+00
0.000000000000000000e+00
0.000000000000000000e+00
0.000000000000000000e+00
0.000000000000000000e+00
0.000000000000000000e+00
0.000000000000000000e+00
0.000000000000000000e+00
0.000000000000000000e+00
0.000000000000000000e+00
0.000000000000000000e+00
0.000000000000000000e+00
0.000000000000000000e+00
0.000000000000000000e+00
0.000000000000000000e+00
0.000000000000000000e+00
0.000000000000000000e+00
0.000000000000000000e+00
0.000000000000000000e+00
0.000000000000000000e+00
0.000000000000000000e+00
0.000000000000000000e+00
0.000000000000000000e+00
0.000000000000000000e+00
0.000000000000000000e+00
0.000000000000000000e+00
0.000000000000000000e+00
0.000000000000000000e+00
0.000000000000000000e+00
0.000000000000000000e+00
0.000000000000000000e+00
0.000000000000000000e+00
0.000000000000000000e+00
0.000000000000000000e+00
0.000000000000000000e+00
0.000000000000000000e+00
0.000000000000000000e+00
0.000000000000000000e+00
0.000000000000000000e+00
0.000000000000000000e+00
0.000000000000000000e+00
0.000000000000000000e+00
0.000000000000000000e+00
0.000000000000000000e+00
0.000000000000000000e+00
0.000000000000000000e+00
0.000000000000000000e+00
0.000000000000000000e+00
0.000000000000000000e+00
0.000000000000000000e+00
0.000000000000000000e+00
0.000000000000000000e+00
0.000000000000000000e+00
0.000000000000000000e+00
0.000000000000000000e+00
0.000000000000000000e+00
0.000000000000000000e+00
0.000000000000000000e+00
0.000000000000000000e+00
0.000000000000000000e+00
0.000000000000000000e+00
0.000000000000000000e+00
0.000000000000000000e+00
0.000000000000000000e+00
0.000000000000000000e+00
0.000000000000000000e+00
0.000000000000000000e+00
0.000000000000000000e+00
0.000000000000000000e+00
0.000000000000000000e+00
0.000000000000000000e+00
0.000000000000000000e+00
0.000000000000000000e+00
0.000000000000000000e+00
0.000000000000000000e+00
0.000000000000000000e+00
0.000000000000000000e+00
0.000000000000000000e+00
0.000000000000000000e+00
0.000000000000000000e+00
0.000000000000000000e+00
0.000000000000000000e+00
0.000000000000000000e+00
0.000000000000000000e+00
0.000000000000000000e+00
0.000000000000000000e+00
0.000000000000000000e+00
0.000000000000000000e+00
0.000000000000000000e+00
0.000000000000000000e+00
0.000000000000000000e+00
0.000000000000000000e+00
0.000000000000000000e+00
0.000000000000000000e+00
0.000000000000000000e+00
0.000000000000000000e+00
0.000000000000000000e+00
0.000000000000000000e+00
0.000000000000000000e+00
0.000000000000000000e+00
0.000000000000000000e+00
0.000000000000000000e+00
0.000000000000000000e+00
0.000000000000000000e+00
0.000000000000000000e+00
0.000000000000000000e+00
0.000000000000000000e+00
0.000000000000000000e+00
0.000000000000000000e+00
0.000000000000000000e+00
0.000000000000000000e+00
0.000000000000000000e+00
0.000000000000000000e+00
0.000000000000000000e+00
0.000000000000000000e+00
0.000000000000000000e+00
0.000000000000000000e+00
0.000000000000000000e+00
0.000000000000000000e+00
0.000000000000000000e+00
0.000000000000000000e+00
0.000000000000000000e+00
0.000000000000000000e+00
0.000000000000000000e+00
0.000000000000000000e+00
0.000000000000000000e+00
0.000000000000000000e+00
0.000000000000000000e+00
0.000000000000000000e+00
0.000000000000000000e+00
0.000000000000000000e+00
0.000000000000000000e+00
0.000000000000000000e+00
0.000000000000000000e+00
0.000000000000000000e+00
0.000000000000000000e+00
0.000000000000000000e+00
0.000000000000000000e+00
0.000000000000000000e+00
0.000000000000000000e+00
0.000000000000000000e+00
0.000000000000000000e+00
0.000000000000000000e+00
0.000000000000000000e+00
0.000000000000000000e+00
0.000000000000000000e+00
0.000000000000000000e+00
0.000000000000000000e+00
0.000000000000000000e+00
0.000000000000000000e+00
0.000000000000000000e+00
0.000000000000000000e+00
0.000000000000000000e+00
0.000000000000000000e+00
0.000000000000000000e+00
0.000000000000000000e+00
0.000000000000000000e+00
0.000000000000000000e+00
0.000000000000000000e+00
0.000000000000000000e+00
0.000000000000000000e+00
0.000000000000000000e+00
0.000000000000000000e+00
0.000000000000000000e+00
0.000000000000000000e+00
0.000000000000000000e+00
0.000000000000000000e+00
0.000000000000000000e+00
0.000000000000000000e+00
0.000000000000000000e+00
0.000000000000000000e+00
0.000000000000000000e+00
0.000000000000000000e+00
0.000000000000000000e+00
0.000000000000000000e+00
0.000000000000000000e+00
0.000000000000000000e+00
0.000000000000000000e+00
0.000000000000000000e+00
0.000000000000000000e+00
0.000000000000000000e+00
0.000000000000000000e+00
0.000000000000000000e+00
0.000000000000000000e+00
0.000000000000000000e+00
0.000000000000000000e+00
0.000000000000000000e+00
0.000000000000000000e+00
0.000000000000000000e+00
0.000000000000000000e+00
0.000000000000000000e+00
0.000000000000000000e+00
0.000000000000000000e+00
0.000000000000000000e+00
0.000000000000000000e+00
0.000000000000000000e+00
0.000000000000000000e+00
0.000000000000000000e+00
0.000000000000000000e+00
0.000000000000000000e+00
0.000000000000000000e+00
0.000000000000000000e+00
0.000000000000000000e+00
0.000000000000000000e+00
0.000000000000000000e+00
0.000000000000000000e+00
0.000000000000000000e+00
0.000000000000000000e+00
0.000000000000000000e+00
0.000000000000000000e+00
0.000000000000000000e+00
0.000000000000000000e+00
0.000000000000000000e+00
0.000000000000000000e+00
0.000000000000000000e+00
0.000000000000000000e+00
0.000000000000000000e+00
0.000000000000000000e+00
0.000000000000000000e+00
0.000000000000000000e+00
0.000000000000000000e+00
0.000000000000000000e+00
0.000000000000000000e+00
0.000000000000000000e+00
0.000000000000000000e+00
0.000000000000000000e+00
0.000000000000000000e+00
0.000000000000000000e+00
0.000000000000000000e+00
0.000000000000000000e+00
0.000000000000000000e+00
0.000000000000000000e+00
0.000000000000000000e+00
0.000000000000000000e+00
0.000000000000000000e+00
0.000000000000000000e+00
0.000000000000000000e+00
0.000000000000000000e+00
0.000000000000000000e+00
0.000000000000000000e+00
0.000000000000000000e+00
0.000000000000000000e+00
0.000000000000000000e+00
0.000000000000000000e+00
0.000000000000000000e+00
0.000000000000000000e+00
0.000000000000000000e+00
0.000000000000000000e+00
0.000000000000000000e+00
0.000000000000000000e+00
0.000000000000000000e+00
0.000000000000000000e+00
0.000000000000000000e+00
0.000000000000000000e+00
0.000000000000000000e+00
0.000000000000000000e+00
0.000000000000000000e+00
0.000000000000000000e+00
0.000000000000000000e+00
0.000000000000000000e+00
0.000000000000000000e+00
0.000000000000000000e+00
0.000000000000000000e+00
0.000000000000000000e+00
0.000000000000000000e+00
0.000000000000000000e+00
0.000000000000000000e+00
0.000000000000000000e+00
0.000000000000000000e+00
0.000000000000000000e+00
0.000000000000000000e+00
0.000000000000000000e+00
0.000000000000000000e+00
0.000000000000000000e+00
0.000000000000000000e+00
0.000000000000000000e+00
0.000000000000000000e+00
0.000000000000000000e+00
0.000000000000000000e+00
0.000000000000000000e+00
0.000000000000000000e+00
0.000000000000000000e+00
0.000000000000000000e+00
0.000000000000000000e+00
0.000000000000000000e+00
0.000000000000000000e+00
0.000000000000000000e+00
0.000000000000000000e+00
0.000000000000000000e+00
0.000000000000000000e+00
0.000000000000000000e+00
0.000000000000000000e+00
0.000000000000000000e+00
0.000000000000000000e+00
0.000000000000000000e+00
0.000000000000000000e+00
0.000000000000000000e+00
0.000000000000000000e+00
0.000000000000000000e+00
0.000000000000000000e+00
0.000000000000000000e+00
0.000000000000000000e+00
0.000000000000000000e+00
0.000000000000000000e+00
0.000000000000000000e+00
0.000000000000000000e+00
0.000000000000000000e+00
0.000000000000000000e+00
0.000000000000000000e+00
0.000000000000000000e+00
0.000000000000000000e+00
0.000000000000000000e+00
0.000000000000000000e+00
0.000000000000000000e+00
0.000000000000000000e+00
0.000000000000000000e+00
0.000000000000000000e+00
0.000000000000000000e+00
0.000000000000000000e+00
0.000000000000000000e+00
0.000000000000000000e+00
0.000000000000000000e+00
0.000000000000000000e+00
0.000000000000000000e+00
0.000000000000000000e+00
0.000000000000000000e+00
0.000000000000000000e+00
0.000000000000000000e+00
0.000000000000000000e+00
0.000000000000000000e+00
0.000000000000000000e+00
0.000000000000000000e+00
0.000000000000000000e+00
0.000000000000000000e+00
0.000000000000000000e+00
0.000000000000000000e+00
0.000000000000000000e+00
0.000000000000000000e+00
0.000000000000000000e+00
0.000000000000000000e+00
0.000000000000000000e+00
0.000000000000000000e+00
0.000000000000000000e+00
0.000000000000000000e+00
0.000000000000000000e+00
0.000000000000000000e+00
0.000000000000000000e+00
0.000000000000000000e+00
0.000000000000000000e+00
0.000000000000000000e+00
0.000000000000000000e+00
0.000000000000000000e+00
0.000000000000000000e+00
0.000000000000000000e+00
0.000000000000000000e+00
0.000000000000000000e+00
0.000000000000000000e+00
0.000000000000000000e+00
0.000000000000000000e+00
0.000000000000000000e+00
0.000000000000000000e+00
0.000000000000000000e+00
0.000000000000000000e+00
0.000000000000000000e+00
0.000000000000000000e+00
0.000000000000000000e+00
0.000000000000000000e+00
0.000000000000000000e+00
0.000000000000000000e+00
0.000000000000000000e+00
0.000000000000000000e+00
0.000000000000000000e+00
0.000000000000000000e+00
0.000000000000000000e+00
0.000000000000000000e+00
0.000000000000000000e+00
0.000000000000000000e+00
0.000000000000000000e+00
0.000000000000000000e+00
0.000000000000000000e+00
0.000000000000000000e+00
0.000000000000000000e+00
0.000000000000000000e+00
0.000000000000000000e+00
0.000000000000000000e+00
0.000000000000000000e+00
0.000000000000000000e+00
0.000000000000000000e+00
0.000000000000000000e+00
0.000000000000000000e+00
0.000000000000000000e+00
0.000000000000000000e+00
0.000000000000000000e+00
0.000000000000000000e+00
0.000000000000000000e+00
0.000000000000000000e+00
0.000000000000000000e+00
0.000000000000000000e+00
0.000000000000000000e+00
0.000000000000000000e+00
0.000000000000000000e+00
0.000000000000000000e+00
0.000000000000000000e+00
0.000000000000000000e+00
0.000000000000000000e+00
0.000000000000000000e+00
0.000000000000000000e+00
0.000000000000000000e+00
0.000000000000000000e+00
0.000000000000000000e+00
0.000000000000000000e+00
0.000000000000000000e+00
0.000000000000000000e+00
0.000000000000000000e+00
0.000000000000000000e+00
0.000000000000000000e+00
0.000000000000000000e+00
0.000000000000000000e+00
0.000000000000000000e+00
0.000000000000000000e+00
0.000000000000000000e+00
0.000000000000000000e+00
0.000000000000000000e+00
0.000000000000000000e+00
0.000000000000000000e+00
0.000000000000000000e+00
0.000000000000000000e+00
0.000000000000000000e+00
0.000000000000000000e+00
0.000000000000000000e+00
0.000000000000000000e+00
0.000000000000000000e+00
0.000000000000000000e+00
0.000000000000000000e+00
0.000000000000000000e+00
0.000000000000000000e+00
0.000000000000000000e+00
0.000000000000000000e+00
0.000000000000000000e+00
0.000000000000000000e+00
0.000000000000000000e+00
0.000000000000000000e+00
0.000000000000000000e+00
0.000000000000000000e+00
0.000000000000000000e+00
0.000000000000000000e+00
0.000000000000000000e+00
0.000000000000000000e+00
0.000000000000000000e+00
0.000000000000000000e+00
0.000000000000000000e+00
0.000000000000000000e+00
0.000000000000000000e+00
0.000000000000000000e+00
0.000000000000000000e+00
0.000000000000000000e+00
0.000000000000000000e+00
0.000000000000000000e+00
0.000000000000000000e+00
0.000000000000000000e+00
0.000000000000000000e+00
0.000000000000000000e+00
0.000000000000000000e+00
0.000000000000000000e+00
0.000000000000000000e+00
0.000000000000000000e+00
0.000000000000000000e+00
0.000000000000000000e+00
0.000000000000000000e+00
0.000000000000000000e+00
0.000000000000000000e+00
0.000000000000000000e+00
0.000000000000000000e+00
0.000000000000000000e+00
0.000000000000000000e+00
0.000000000000000000e+00
0.000000000000000000e+00
0.000000000000000000e+00
0.000000000000000000e+00
0.000000000000000000e+00
0.000000000000000000e+00
0.000000000000000000e+00
0.000000000000000000e+00
0.000000000000000000e+00
0.000000000000000000e+00
0.000000000000000000e+00
0.000000000000000000e+00
0.000000000000000000e+00
0.000000000000000000e+00
0.000000000000000000e+00
0.000000000000000000e+00
0.000000000000000000e+00
0.000000000000000000e+00
0.000000000000000000e+00
0.000000000000000000e+00
0.000000000000000000e+00
0.000000000000000000e+00
0.000000000000000000e+00
0.000000000000000000e+00
0.000000000000000000e+00
0.000000000000000000e+00
0.000000000000000000e+00
0.000000000000000000e+00
0.000000000000000000e+00
0.000000000000000000e+00
0.000000000000000000e+00
0.000000000000000000e+00
0.000000000000000000e+00
0.000000000000000000e+00
0.000000000000000000e+00
0.000000000000000000e+00
0.000000000000000000e+00
0.000000000000000000e+00
0.000000000000000000e+00
0.000000000000000000e+00
0.000000000000000000e+00
0.000000000000000000e+00
0.000000000000000000e+00
0.000000000000000000e+00
0.000000000000000000e+00
0.000000000000000000e+00
0.000000000000000000e+00
0.000000000000000000e+00
0.000000000000000000e+00
0.000000000000000000e+00
0.000000000000000000e+00
0.000000000000000000e+00
0.000000000000000000e+00
0.000000000000000000e+00
0.000000000000000000e+00
0.000000000000000000e+00
0.000000000000000000e+00
0.000000000000000000e+00
0.000000000000000000e+00
0.000000000000000000e+00
0.000000000000000000e+00
0.000000000000000000e+00
0.000000000000000000e+00
0.000000000000000000e+00
0.000000000000000000e+00
0.000000000000000000e+00
0.000000000000000000e+00
0.000000000000000000e+00
0.000000000000000000e+00
0.000000000000000000e+00
0.000000000000000000e+00
0.000000000000000000e+00
0.000000000000000000e+00
0.000000000000000000e+00
0.000000000000000000e+00
0.000000000000000000e+00
0.000000000000000000e+00
0.000000000000000000e+00
0.000000000000000000e+00
0.000000000000000000e+00
0.000000000000000000e+00
0.000000000000000000e+00
0.000000000000000000e+00
0.000000000000000000e+00
0.000000000000000000e+00
0.000000000000000000e+00
0.000000000000000000e+00
0.000000000000000000e+00
0.000000000000000000e+00
0.000000000000000000e+00
0.000000000000000000e+00
0.000000000000000000e+00
0.000000000000000000e+00
0.000000000000000000e+00
0.000000000000000000e+00
0.000000000000000000e+00
0.000000000000000000e+00
0.000000000000000000e+00
0.000000000000000000e+00
0.000000000000000000e+00
0.000000000000000000e+00
0.000000000000000000e+00
0.000000000000000000e+00
0.000000000000000000e+00
0.000000000000000000e+00
0.000000000000000000e+00
0.000000000000000000e+00
0.000000000000000000e+00
0.000000000000000000e+00
0.000000000000000000e+00
0.000000000000000000e+00
0.000000000000000000e+00
0.000000000000000000e+00
0.000000000000000000e+00
0.000000000000000000e+00
0.000000000000000000e+00
0.000000000000000000e+00
0.000000000000000000e+00
0.000000000000000000e+00
0.000000000000000000e+00
0.000000000000000000e+00
0.000000000000000000e+00
0.000000000000000000e+00
0.000000000000000000e+00
0.000000000000000000e+00
0.000000000000000000e+00
0.000000000000000000e+00
0.000000000000000000e+00
0.000000000000000000e+00
0.000000000000000000e+00
0.000000000000000000e+00
0.000000000000000000e+00
0.000000000000000000e+00
0.000000000000000000e+00
0.000000000000000000e+00
0.000000000000000000e+00
0.000000000000000000e+00
0.000000000000000000e+00
0.000000000000000000e+00
0.000000000000000000e+00
0.000000000000000000e+00
0.000000000000000000e+00
0.000000000000000000e+00
0.000000000000000000e+00
0.000000000000000000e+00
0.000000000000000000e+00
0.000000000000000000e+00
0.000000000000000000e+00
0.000000000000000000e+00
0.000000000000000000e+00
0.000000000000000000e+00
0.000000000000000000e+00
0.000000000000000000e+00
0.000000000000000000e+00
0.000000000000000000e+00
0.000000000000000000e+00
0.000000000000000000e+00
0.000000000000000000e+00
0.000000000000000000e+00
0.000000000000000000e+00
0.000000000000000000e+00
0.000000000000000000e+00
0.000000000000000000e+00
0.000000000000000000e+00
0.000000000000000000e+00
0.000000000000000000e+00
0.000000000000000000e+00
0.000000000000000000e+00
0.000000000000000000e+00
0.000000000000000000e+00
0.000000000000000000e+00
0.000000000000000000e+00
0.000000000000000000e+00
0.000000000000000000e+00
0.000000000000000000e+00
0.000000000000000000e+00
0.000000000000000000e+00
0.000000000000000000e+00
0.000000000000000000e+00
0.000000000000000000e+00
0.000000000000000000e+00
0.000000000000000000e+00
0.000000000000000000e+00
0.000000000000000000e+00
0.000000000000000000e+00
0.000000000000000000e+00
0.000000000000000000e+00
0.000000000000000000e+00
0.000000000000000000e+00
0.000000000000000000e+00
0.000000000000000000e+00
0.000000000000000000e+00
0.000000000000000000e+00
0.000000000000000000e+00
0.000000000000000000e+00
0.000000000000000000e+00
0.000000000000000000e+00
0.000000000000000000e+00
0.000000000000000000e+00
0.000000000000000000e+00
0.000000000000000000e+00
0.000000000000000000e+00
0.000000000000000000e+00
0.000000000000000000e+00
0.000000000000000000e+00
0.000000000000000000e+00
0.000000000000000000e+00
0.000000000000000000e+00
0.000000000000000000e+00
0.000000000000000000e+00
0.000000000000000000e+00
0.000000000000000000e+00
0.000000000000000000e+00
0.000000000000000000e+00
0.000000000000000000e+00
0.000000000000000000e+00
0.000000000000000000e+00
0.000000000000000000e+00
0.000000000000000000e+00
0.000000000000000000e+00
0.000000000000000000e+00
0.000000000000000000e+00
0.000000000000000000e+00
0.000000000000000000e+00
0.000000000000000000e+00
0.000000000000000000e+00
0.000000000000000000e+00
0.000000000000000000e+00
0.000000000000000000e+00
0.000000000000000000e+00
0.000000000000000000e+00
0.000000000000000000e+00
0.000000000000000000e+00
0.000000000000000000e+00
0.000000000000000000e+00
0.000000000000000000e+00
0.000000000000000000e+00
0.000000000000000000e+00
0.000000000000000000e+00
0.000000000000000000e+00
0.000000000000000000e+00
0.000000000000000000e+00
0.000000000000000000e+00
0.000000000000000000e+00
0.000000000000000000e+00
0.000000000000000000e+00
0.000000000000000000e+00
0.000000000000000000e+00
0.000000000000000000e+00
0.000000000000000000e+00
0.000000000000000000e+00
0.000000000000000000e+00
0.000000000000000000e+00
0.000000000000000000e+00
0.000000000000000000e+00
0.000000000000000000e+00
0.000000000000000000e+00
0.000000000000000000e+00
0.000000000000000000e+00
0.000000000000000000e+00
0.000000000000000000e+00
0.000000000000000000e+00
0.000000000000000000e+00
0.000000000000000000e+00
0.000000000000000000e+00
0.000000000000000000e+00
0.000000000000000000e+00
0.000000000000000000e+00
0.000000000000000000e+00
0.000000000000000000e+00
0.000000000000000000e+00
0.000000000000000000e+00
0.000000000000000000e+00
0.000000000000000000e+00
0.000000000000000000e+00
0.000000000000000000e+00
0.000000000000000000e+00
0.000000000000000000e+00
0.000000000000000000e+00
0.000000000000000000e+00
0.000000000000000000e+00
0.000000000000000000e+00
0.000000000000000000e+00
0.000000000000000000e+00
0.000000000000000000e+00
0.000000000000000000e+00
0.000000000000000000e+00
0.000000000000000000e+00
0.000000000000000000e+00
0.000000000000000000e+00
0.000000000000000000e+00
0.000000000000000000e+00
0.000000000000000000e+00
0.000000000000000000e+00
0.000000000000000000e+00
0.000000000000000000e+00
0.000000000000000000e+00
0.000000000000000000e+00
0.000000000000000000e+00
0.000000000000000000e+00
0.000000000000000000e+00
0.000000000000000000e+00
0.000000000000000000e+00
0.000000000000000000e+00
0.000000000000000000e+00
0.000000000000000000e+00
0.000000000000000000e+00
0.000000000000000000e+00
0.000000000000000000e+00
0.000000000000000000e+00
0.000000000000000000e+00
0.000000000000000000e+00
0.000000000000000000e+00
0.000000000000000000e+00
0.000000000000000000e+00
0.000000000000000000e+00
0.000000000000000000e+00
0.000000000000000000e+00
0.000000000000000000e+00
0.000000000000000000e+00
0.000000000000000000e+00
0.000000000000000000e+00
0.000000000000000000e+00
0.000000000000000000e+00
0.000000000000000000e+00
0.000000000000000000e+00
0.000000000000000000e+00
0.000000000000000000e+00
0.000000000000000000e+00
0.000000000000000000e+00
0.000000000000000000e+00
0.000000000000000000e+00
0.000000000000000000e+00
0.000000000000000000e+00
0.000000000000000000e+00
0.000000000000000000e+00
0.000000000000000000e+00
0.000000000000000000e+00
0.000000000000000000e+00
0.000000000000000000e+00
0.000000000000000000e+00
0.000000000000000000e+00
0.000000000000000000e+00
0.000000000000000000e+00
0.000000000000000000e+00
0.000000000000000000e+00
0.000000000000000000e+00
0.000000000000000000e+00
0.000000000000000000e+00
0.000000000000000000e+00
0.000000000000000000e+00
0.000000000000000000e+00
0.000000000000000000e+00
0.000000000000000000e+00
0.000000000000000000e+00
0.000000000000000000e+00
0.000000000000000000e+00
0.000000000000000000e+00
0.000000000000000000e+00
0.000000000000000000e+00
0.000000000000000000e+00
0.000000000000000000e+00
0.000000000000000000e+00
0.000000000000000000e+00
0.000000000000000000e+00
0.000000000000000000e+00
0.000000000000000000e+00
0.000000000000000000e+00
0.000000000000000000e+00
0.000000000000000000e+00
0.000000000000000000e+00
0.000000000000000000e+00
0.000000000000000000e+00
0.000000000000000000e+00
0.000000000000000000e+00
0.000000000000000000e+00
0.000000000000000000e+00
0.000000000000000000e+00
0.000000000000000000e+00
0.000000000000000000e+00
0.000000000000000000e+00
0.000000000000000000e+00
0.000000000000000000e+00
0.000000000000000000e+00
0.000000000000000000e+00
0.000000000000000000e+00
0.000000000000000000e+00
0.000000000000000000e+00
0.000000000000000000e+00
0.000000000000000000e+00
0.000000000000000000e+00
0.000000000000000000e+00
0.000000000000000000e+00
0.000000000000000000e+00
0.000000000000000000e+00
0.000000000000000000e+00
0.000000000000000000e+00
0.000000000000000000e+00
0.000000000000000000e+00
0.000000000000000000e+00
0.000000000000000000e+00
0.000000000000000000e+00
0.000000000000000000e+00
0.000000000000000000e+00
0.000000000000000000e+00
0.000000000000000000e+00
0.000000000000000000e+00
0.000000000000000000e+00
0.000000000000000000e+00
0.000000000000000000e+00
0.000000000000000000e+00
0.000000000000000000e+00
0.000000000000000000e+00
0.000000000000000000e+00
0.000000000000000000e+00
0.000000000000000000e+00
0.000000000000000000e+00
0.000000000000000000e+00
0.000000000000000000e+00
0.000000000000000000e+00
0.000000000000000000e+00
0.000000000000000000e+00
0.000000000000000000e+00
0.000000000000000000e+00
0.000000000000000000e+00
0.000000000000000000e+00
0.000000000000000000e+00
0.000000000000000000e+00
0.000000000000000000e+00
0.000000000000000000e+00
0.000000000000000000e+00
0.000000000000000000e+00
0.000000000000000000e+00
0.000000000000000000e+00
0.000000000000000000e+00
0.000000000000000000e+00
0.000000000000000000e+00
0.000000000000000000e+00
0.000000000000000000e+00
0.000000000000000000e+00
0.000000000000000000e+00
0.000000000000000000e+00
0.000000000000000000e+00
0.000000000000000000e+00
0.000000000000000000e+00
0.000000000000000000e+00
0.000000000000000000e+00
0.000000000000000000e+00
0.000000000000000000e+00
0.000000000000000000e+00
0.000000000000000000e+00
0.000000000000000000e+00
0.000000000000000000e+00
0.000000000000000000e+00
0.000000000000000000e+00
0.000000000000000000e+00
0.000000000000000000e+00
0.000000000000000000e+00
0.000000000000000000e+00
0.000000000000000000e+00
0.000000000000000000e+00
0.000000000000000000e+00
0.000000000000000000e+00
0.000000000000000000e+00
0.000000000000000000e+00
0.000000000000000000e+00
0.000000000000000000e+00
0.000000000000000000e+00
0.000000000000000000e+00
0.000000000000000000e+00
0.000000000000000000e+00
0.000000000000000000e+00
0.000000000000000000e+00
0.000000000000000000e+00
0.000000000000000000e+00
0.000000000000000000e+00
0.000000000000000000e+00
0.000000000000000000e+00
0.000000000000000000e+00
0.000000000000000000e+00
0.000000000000000000e+00
0.000000000000000000e+00
0.000000000000000000e+00
0.000000000000000000e+00
0.000000000000000000e+00
0.000000000000000000e+00
0.000000000000000000e+00
0.000000000000000000e+00
0.000000000000000000e+00
0.000000000000000000e+00
0.000000000000000000e+00
0.000000000000000000e+00
0.000000000000000000e+00
0.000000000000000000e+00
0.000000000000000000e+00
0.000000000000000000e+00
0.000000000000000000e+00
0.000000000000000000e+00
0.000000000000000000e+00
0.000000000000000000e+00
0.000000000000000000e+00
0.000000000000000000e+00
0.000000000000000000e+00
0.000000000000000000e+00
0.000000000000000000e+00
0.000000000000000000e+00
0.000000000000000000e+00
0.000000000000000000e+00
0.000000000000000000e+00
0.000000000000000000e+00
0.000000000000000000e+00
0.000000000000000000e+00
0.000000000000000000e+00
0.000000000000000000e+00
0.000000000000000000e+00
0.000000000000000000e+00
0.000000000000000000e+00
0.000000000000000000e+00
0.000000000000000000e+00
0.000000000000000000e+00
0.000000000000000000e+00
0.000000000000000000e+00
0.000000000000000000e+00
0.000000000000000000e+00
0.000000000000000000e+00
0.000000000000000000e+00
0.000000000000000000e+00
0.000000000000000000e+00
0.000000000000000000e+00
0.000000000000000000e+00
0.000000000000000000e+00
0.000000000000000000e+00
0.000000000000000000e+00
0.000000000000000000e+00
0.000000000000000000e+00
0.000000000000000000e+00
0.000000000000000000e+00
0.000000000000000000e+00
0.000000000000000000e+00
0.000000000000000000e+00
0.000000000000000000e+00
0.000000000000000000e+00
0.000000000000000000e+00
0.000000000000000000e+00
0.000000000000000000e+00
0.000000000000000000e+00
0.000000000000000000e+00
0.000000000000000000e+00
0.000000000000000000e+00
0.000000000000000000e+00
0.000000000000000000e+00
0.000000000000000000e+00
0.000000000000000000e+00
0.000000000000000000e+00
0.000000000000000000e+00
0.000000000000000000e+00
0.000000000000000000e+00
0.000000000000000000e+00
0.000000000000000000e+00
0.000000000000000000e+00
0.000000000000000000e+00
0.000000000000000000e+00
0.000000000000000000e+00
0.000000000000000000e+00
0.000000000000000000e+00
0.000000000000000000e+00
0.000000000000000000e+00
0.000000000000000000e+00
0.000000000000000000e+00
0.000000000000000000e+00
0.000000000000000000e+00
0.000000000000000000e+00
0.000000000000000000e+00
0.000000000000000000e+00
0.000000000000000000e+00
0.000000000000000000e+00
0.000000000000000000e+00
0.000000000000000000e+00
0.000000000000000000e+00
0.000000000000000000e+00
0.000000000000000000e+00
0.000000000000000000e+00
0.000000000000000000e+00
0.000000000000000000e+00
0.000000000000000000e+00
0.000000000000000000e+00
0.000000000000000000e+00
0.000000000000000000e+00
0.000000000000000000e+00
0.000000000000000000e+00
0.000000000000000000e+00
0.000000000000000000e+00
0.000000000000000000e+00
0.000000000000000000e+00
0.000000000000000000e+00
0.000000000000000000e+00
0.000000000000000000e+00
0.000000000000000000e+00
0.000000000000000000e+00
0.000000000000000000e+00
0.000000000000000000e+00
0.000000000000000000e+00
0.000000000000000000e+00
0.000000000000000000e+00
0.000000000000000000e+00
0.000000000000000000e+00
0.000000000000000000e+00
0.000000000000000000e+00
0.000000000000000000e+00
0.000000000000000000e+00
0.000000000000000000e+00
0.000000000000000000e+00
0.000000000000000000e+00
0.000000000000000000e+00
0.000000000000000000e+00
0.000000000000000000e+00
0.000000000000000000e+00
0.000000000000000000e+00
0.000000000000000000e+00
0.000000000000000000e+00
0.000000000000000000e+00
0.000000000000000000e+00
0.000000000000000000e+00
0.000000000000000000e+00
0.000000000000000000e+00
0.000000000000000000e+00
0.000000000000000000e+00
0.000000000000000000e+00
0.000000000000000000e+00
0.000000000000000000e+00
0.000000000000000000e+00
0.000000000000000000e+00
0.000000000000000000e+00
0.000000000000000000e+00
0.000000000000000000e+00
0.000000000000000000e+00
0.000000000000000000e+00
0.000000000000000000e+00
0.000000000000000000e+00
0.000000000000000000e+00
0.000000000000000000e+00
0.000000000000000000e+00
0.000000000000000000e+00
0.000000000000000000e+00
0.000000000000000000e+00
0.000000000000000000e+00
0.000000000000000000e+00
0.000000000000000000e+00
0.000000000000000000e+00
0.000000000000000000e+00
0.000000000000000000e+00
0.000000000000000000e+00
0.000000000000000000e+00
0.000000000000000000e+00
0.000000000000000000e+00
0.000000000000000000e+00
0.000000000000000000e+00
0.000000000000000000e+00
0.000000000000000000e+00
0.000000000000000000e+00
0.000000000000000000e+00
0.000000000000000000e+00
0.000000000000000000e+00
0.000000000000000000e+00
0.000000000000000000e+00
0.000000000000000000e+00
0.000000000000000000e+00
0.000000000000000000e+00
0.000000000000000000e+00
0.000000000000000000e+00
0.000000000000000000e+00
0.000000000000000000e+00
0.000000000000000000e+00
0.000000000000000000e+00
0.000000000000000000e+00
0.000000000000000000e+00
0.000000000000000000e+00
0.000000000000000000e+00
0.000000000000000000e+00
0.000000000000000000e+00
0.000000000000000000e+00
0.000000000000000000e+00
0.000000000000000000e+00
0.000000000000000000e+00
0.000000000000000000e+00
0.000000000000000000e+00
0.000000000000000000e+00
0.000000000000000000e+00
0.000000000000000000e+00
0.000000000000000000e+00
0.000000000000000000e+00
0.000000000000000000e+00
0.000000000000000000e+00
0.000000000000000000e+00
0.000000000000000000e+00
0.000000000000000000e+00
0.000000000000000000e+00
0.000000000000000000e+00
0.000000000000000000e+00
0.000000000000000000e+00
0.000000000000000000e+00
0.000000000000000000e+00
0.000000000000000000e+00
0.000000000000000000e+00
0.000000000000000000e+00
0.000000000000000000e+00
0.000000000000000000e+00
0.000000000000000000e+00
0.000000000000000000e+00
0.000000000000000000e+00
0.000000000000000000e+00
0.000000000000000000e+00
0.000000000000000000e+00
0.000000000000000000e+00
0.000000000000000000e+00
0.000000000000000000e+00
0.000000000000000000e+00
0.000000000000000000e+00
0.000000000000000000e+00
0.000000000000000000e+00
0.000000000000000000e+00
0.000000000000000000e+00
0.000000000000000000e+00
0.000000000000000000e+00
0.000000000000000000e+00
0.000000000000000000e+00
0.000000000000000000e+00
0.000000000000000000e+00
0.000000000000000000e+00
0.000000000000000000e+00
0.000000000000000000e+00
0.000000000000000000e+00
0.000000000000000000e+00
0.000000000000000000e+00
0.000000000000000000e+00
0.000000000000000000e+00
0.000000000000000000e+00
0.000000000000000000e+00
0.000000000000000000e+00
0.000000000000000000e+00
0.000000000000000000e+00
0.000000000000000000e+00
0.000000000000000000e+00
0.000000000000000000e+00
0.000000000000000000e+00
0.000000000000000000e+00
0.000000000000000000e+00
0.000000000000000000e+00
0.000000000000000000e+00
0.000000000000000000e+00
0.000000000000000000e+00
0.000000000000000000e+00
0.000000000000000000e+00
0.000000000000000000e+00
0.000000000000000000e+00
0.000000000000000000e+00
0.000000000000000000e+00
0.000000000000000000e+00
0.000000000000000000e+00
0.000000000000000000e+00
0.000000000000000000e+00
0.000000000000000000e+00
0.000000000000000000e+00
0.000000000000000000e+00
0.000000000000000000e+00
0.000000000000000000e+00
0.000000000000000000e+00
0.000000000000000000e+00
0.000000000000000000e+00
0.000000000000000000e+00
0.000000000000000000e+00
0.000000000000000000e+00
0.000000000000000000e+00
0.000000000000000000e+00
0.000000000000000000e+00
0.000000000000000000e+00
0.000000000000000000e+00
0.000000000000000000e+00
0.000000000000000000e+00
0.000000000000000000e+00
0.000000000000000000e+00
0.000000000000000000e+00
0.000000000000000000e+00
0.000000000000000000e+00
0.000000000000000000e+00
0.000000000000000000e+00
0.000000000000000000e+00
0.000000000000000000e+00
0.000000000000000000e+00
0.000000000000000000e+00
0.000000000000000000e+00
0.000000000000000000e+00
0.000000000000000000e+00
0.000000000000000000e+00
0.000000000000000000e+00
0.000000000000000000e+00
0.000000000000000000e+00
0.000000000000000000e+00
0.000000000000000000e+00
0.000000000000000000e+00
0.000000000000000000e+00
0.000000000000000000e+00
0.000000000000000000e+00
0.000000000000000000e+00
0.000000000000000000e+00
0.000000000000000000e+00
0.000000000000000000e+00
0.000000000000000000e+00
0.000000000000000000e+00
0.000000000000000000e+00
0.000000000000000000e+00
0.000000000000000000e+00
0.000000000000000000e+00
0.000000000000000000e+00
0.000000000000000000e+00
0.000000000000000000e+00
0.000000000000000000e+00
0.000000000000000000e+00
0.000000000000000000e+00
0.000000000000000000e+00
0.000000000000000000e+00
0.000000000000000000e+00
0.000000000000000000e+00
0.000000000000000000e+00
0.000000000000000000e+00
0.000000000000000000e+00
0.000000000000000000e+00
0.000000000000000000e+00
0.000000000000000000e+00
0.000000000000000000e+00
0.000000000000000000e+00
0.000000000000000000e+00
0.000000000000000000e+00
0.000000000000000000e+00
0.000000000000000000e+00
0.000000000000000000e+00
0.000000000000000000e+00
0.000000000000000000e+00
0.000000000000000000e+00
0.000000000000000000e+00
0.000000000000000000e+00
0.000000000000000000e+00
0.000000000000000000e+00
0.000000000000000000e+00
0.000000000000000000e+00
0.000000000000000000e+00
0.000000000000000000e+00
0.000000000000000000e+00
0.000000000000000000e+00
0.000000000000000000e+00
0.000000000000000000e+00
0.000000000000000000e+00
0.000000000000000000e+00
0.000000000000000000e+00
0.000000000000000000e+00
0.000000000000000000e+00
0.000000000000000000e+00
0.000000000000000000e+00
0.000000000000000000e+00
0.000000000000000000e+00
0.000000000000000000e+00
0.000000000000000000e+00
0.000000000000000000e+00
0.000000000000000000e+00
0.000000000000000000e+00
0.000000000000000000e+00
0.000000000000000000e+00
0.000000000000000000e+00
0.000000000000000000e+00
0.000000000000000000e+00
0.000000000000000000e+00
0.000000000000000000e+00
0.000000000000000000e+00
0.000000000000000000e+00
0.000000000000000000e+00
0.000000000000000000e+00
0.000000000000000000e+00
0.000000000000000000e+00
0.000000000000000000e+00
0.000000000000000000e+00
0.000000000000000000e+00
0.000000000000000000e+00
0.000000000000000000e+00
0.000000000000000000e+00
0.000000000000000000e+00
0.000000000000000000e+00
0.000000000000000000e+00
0.000000000000000000e+00
0.000000000000000000e+00
0.000000000000000000e+00
0.000000000000000000e+00
0.000000000000000000e+00
0.000000000000000000e+00
0.000000000000000000e+00
0.000000000000000000e+00
0.000000000000000000e+00
0.000000000000000000e+00
0.000000000000000000e+00
0.000000000000000000e+00
0.000000000000000000e+00
0.000000000000000000e+00
0.000000000000000000e+00
0.000000000000000000e+00
0.000000000000000000e+00
0.000000000000000000e+00
0.000000000000000000e+00
0.000000000000000000e+00
0.000000000000000000e+00
0.000000000000000000e+00
0.000000000000000000e+00
0.000000000000000000e+00
0.000000000000000000e+00
0.000000000000000000e+00
0.000000000000000000e+00
0.000000000000000000e+00
0.000000000000000000e+00
0.000000000000000000e+00
0.000000000000000000e+00
0.000000000000000000e+00
0.000000000000000000e+00
0.000000000000000000e+00
0.000000000000000000e+00
0.000000000000000000e+00
0.000000000000000000e+00
0.000000000000000000e+00
0.000000000000000000e+00
0.000000000000000000e+00
0.000000000000000000e+00
0.000000000000000000e+00
0.000000000000000000e+00
0.000000000000000000e+00
0.000000000000000000e+00
0.000000000000000000e+00
0.000000000000000000e+00
0.000000000000000000e+00
0.000000000000000000e+00
0.000000000000000000e+00
0.000000000000000000e+00
0.000000000000000000e+00
0.000000000000000000e+00
0.000000000000000000e+00
0.000000000000000000e+00
0.000000000000000000e+00
0.000000000000000000e+00
0.000000000000000000e+00
0.000000000000000000e+00
0.000000000000000000e+00
0.000000000000000000e+00
0.000000000000000000e+00
0.000000000000000000e+00
0.000000000000000000e+00
0.000000000000000000e+00
0.000000000000000000e+00
0.000000000000000000e+00
0.000000000000000000e+00
0.000000000000000000e+00
0.000000000000000000e+00
0.000000000000000000e+00
0.000000000000000000e+00
0.000000000000000000e+00
0.000000000000000000e+00
0.000000000000000000e+00
0.000000000000000000e+00
0.000000000000000000e+00
0.000000000000000000e+00
0.000000000000000000e+00
0.000000000000000000e+00
0.000000000000000000e+00
0.000000000000000000e+00
0.000000000000000000e+00
0.000000000000000000e+00
0.000000000000000000e+00
0.000000000000000000e+00
0.000000000000000000e+00
0.000000000000000000e+00
0.000000000000000000e+00
0.000000000000000000e+00
0.000000000000000000e+00
0.000000000000000000e+00
0.000000000000000000e+00
0.000000000000000000e+00
0.000000000000000000e+00
0.000000000000000000e+00
0.000000000000000000e+00
0.000000000000000000e+00
0.000000000000000000e+00
0.000000000000000000e+00
0.000000000000000000e+00
0.000000000000000000e+00
0.000000000000000000e+00
0.000000000000000000e+00
0.000000000000000000e+00
0.000000000000000000e+00
0.000000000000000000e+00
0.000000000000000000e+00
0.000000000000000000e+00
0.000000000000000000e+00
0.000000000000000000e+00
0.000000000000000000e+00
0.000000000000000000e+00
0.000000000000000000e+00
0.000000000000000000e+00
0.000000000000000000e+00
0.000000000000000000e+00
0.000000000000000000e+00
0.000000000000000000e+00
0.000000000000000000e+00
0.000000000000000000e+00
0.000000000000000000e+00
0.000000000000000000e+00
0.000000000000000000e+00
0.000000000000000000e+00
0.000000000000000000e+00
0.000000000000000000e+00
0.000000000000000000e+00
0.000000000000000000e+00
0.000000000000000000e+00
0.000000000000000000e+00
0.000000000000000000e+00
0.000000000000000000e+00
0.000000000000000000e+00
0.000000000000000000e+00
0.000000000000000000e+00
0.000000000000000000e+00
0.000000000000000000e+00
0.000000000000000000e+00
0.000000000000000000e+00
0.000000000000000000e+00
0.000000000000000000e+00
0.000000000000000000e+00
0.000000000000000000e+00
0.000000000000000000e+00
0.000000000000000000e+00
0.000000000000000000e+00
0.000000000000000000e+00
0.000000000000000000e+00
0.000000000000000000e+00
0.000000000000000000e+00
0.000000000000000000e+00
0.000000000000000000e+00
0.000000000000000000e+00
0.000000000000000000e+00
0.000000000000000000e+00
0.000000000000000000e+00
0.000000000000000000e+00
0.000000000000000000e+00
0.000000000000000000e+00
0.000000000000000000e+00
0.000000000000000000e+00
0.000000000000000000e+00
0.000000000000000000e+00
0.000000000000000000e+00
0.000000000000000000e+00
0.000000000000000000e+00
0.000000000000000000e+00
0.000000000000000000e+00
0.000000000000000000e+00
0.000000000000000000e+00
0.000000000000000000e+00
0.000000000000000000e+00
0.000000000000000000e+00
0.000000000000000000e+00
0.000000000000000000e+00
0.000000000000000000e+00
0.000000000000000000e+00
0.000000000000000000e+00
0.000000000000000000e+00
0.000000000000000000e+00
0.000000000000000000e+00
0.000000000000000000e+00
0.000000000000000000e+00
0.000000000000000000e+00
0.000000000000000000e+00
0.000000000000000000e+00
0.000000000000000000e+00
0.000000000000000000e+00
0.000000000000000000e+00
0.000000000000000000e+00
0.000000000000000000e+00
0.000000000000000000e+00
0.000000000000000000e+00
0.000000000000000000e+00
0.000000000000000000e+00
0.000000000000000000e+00
0.000000000000000000e+00
0.000000000000000000e+00
0.000000000000000000e+00
0.000000000000000000e+00
0.000000000000000000e+00
0.000000000000000000e+00
0.000000000000000000e+00
0.000000000000000000e+00
0.000000000000000000e+00
0.000000000000000000e+00
0.000000000000000000e+00
0.000000000000000000e+00
0.000000000000000000e+00
0.000000000000000000e+00
0.000000000000000000e+00
0.000000000000000000e+00
0.000000000000000000e+00
0.000000000000000000e+00
0.000000000000000000e+00
0.000000000000000000e+00
0.000000000000000000e+00
0.000000000000000000e+00
0.000000000000000000e+00
0.000000000000000000e+00
0.000000000000000000e+00
0.000000000000000000e+00
0.000000000000000000e+00
0.000000000000000000e+00
0.000000000000000000e+00
0.000000000000000000e+00
0.000000000000000000e+00
0.000000000000000000e+00
0.000000000000000000e+00
0.000000000000000000e+00
0.000000000000000000e+00
0.000000000000000000e+00
0.000000000000000000e+00
0.000000000000000000e+00
0.000000000000000000e+00
0.000000000000000000e+00
0.000000000000000000e+00
0.000000000000000000e+00
0.000000000000000000e+00
0.000000000000000000e+00
0.000000000000000000e+00
0.000000000000000000e+00
0.000000000000000000e+00
0.000000000000000000e+00
0.000000000000000000e+00
0.000000000000000000e+00
0.000000000000000000e+00
0.000000000000000000e+00
0.000000000000000000e+00
0.000000000000000000e+00
0.000000000000000000e+00
0.000000000000000000e+00
0.000000000000000000e+00
0.000000000000000000e+00
0.000000000000000000e+00
0.000000000000000000e+00
0.000000000000000000e+00
0.000000000000000000e+00
0.000000000000000000e+00
0.000000000000000000e+00
0.000000000000000000e+00
0.000000000000000000e+00
0.000000000000000000e+00
0.000000000000000000e+00
0.000000000000000000e+00
0.000000000000000000e+00
0.000000000000000000e+00
0.000000000000000000e+00
0.000000000000000000e+00
0.000000000000000000e+00
0.000000000000000000e+00
0.000000000000000000e+00
0.000000000000000000e+00
0.000000000000000000e+00
0.000000000000000000e+00
0.000000000000000000e+00
0.000000000000000000e+00
0.000000000000000000e+00
0.000000000000000000e+00
0.000000000000000000e+00
0.000000000000000000e+00
0.000000000000000000e+00
0.000000000000000000e+00
0.000000000000000000e+00
0.000000000000000000e+00
0.000000000000000000e+00
0.000000000000000000e+00
0.000000000000000000e+00
0.000000000000000000e+00
0.000000000000000000e+00
0.000000000000000000e+00
0.000000000000000000e+00
0.000000000000000000e+00
0.000000000000000000e+00
0.000000000000000000e+00
0.000000000000000000e+00
0.000000000000000000e+00
0.000000000000000000e+00
0.000000000000000000e+00
0.000000000000000000e+00
0.000000000000000000e+00
0.000000000000000000e+00
0.000000000000000000e+00
0.000000000000000000e+00
0.000000000000000000e+00
0.000000000000000000e+00
0.000000000000000000e+00
0.000000000000000000e+00
0.000000000000000000e+00
0.000000000000000000e+00
0.000000000000000000e+00
0.000000000000000000e+00
0.000000000000000000e+00
0.000000000000000000e+00
0.000000000000000000e+00
0.000000000000000000e+00
0.000000000000000000e+00
0.000000000000000000e+00
0.000000000000000000e+00
0.000000000000000000e+00
0.000000000000000000e+00
0.000000000000000000e+00
0.000000000000000000e+00
0.000000000000000000e+00
0.000000000000000000e+00
0.000000000000000000e+00
0.000000000000000000e+00
0.000000000000000000e+00
0.000000000000000000e+00
0.000000000000000000e+00
0.000000000000000000e+00
0.000000000000000000e+00
0.000000000000000000e+00
0.000000000000000000e+00
0.000000000000000000e+00
0.000000000000000000e+00
0.000000000000000000e+00
0.000000000000000000e+00
0.000000000000000000e+00
0.000000000000000000e+00
0.000000000000000000e+00
0.000000000000000000e+00
0.000000000000000000e+00
0.000000000000000000e+00
0.000000000000000000e+00
0.000000000000000000e+00
0.000000000000000000e+00
0.000000000000000000e+00
0.000000000000000000e+00
0.000000000000000000e+00
0.000000000000000000e+00
0.000000000000000000e+00
0.000000000000000000e+00
0.000000000000000000e+00
0.000000000000000000e+00
0.000000000000000000e+00
0.000000000000000000e+00
0.000000000000000000e+00
0.000000000000000000e+00
0.000000000000000000e+00
0.000000000000000000e+00
0.000000000000000000e+00
0.000000000000000000e+00
0.000000000000000000e+00
0.000000000000000000e+00
0.000000000000000000e+00
0.000000000000000000e+00
0.000000000000000000e+00
0.000000000000000000e+00
0.000000000000000000e+00
0.000000000000000000e+00
0.000000000000000000e+00
0.000000000000000000e+00
0.000000000000000000e+00
0.000000000000000000e+00
0.000000000000000000e+00
0.000000000000000000e+00
0.000000000000000000e+00
0.000000000000000000e+00
0.000000000000000000e+00
0.000000000000000000e+00
0.000000000000000000e+00
0.000000000000000000e+00
0.000000000000000000e+00
0.000000000000000000e+00
0.000000000000000000e+00
0.000000000000000000e+00
0.000000000000000000e+00
0.000000000000000000e+00
0.000000000000000000e+00
0.000000000000000000e+00
0.000000000000000000e+00
0.000000000000000000e+00
0.000000000000000000e+00
0.000000000000000000e+00
0.000000000000000000e+00
0.000000000000000000e+00
0.000000000000000000e+00
0.000000000000000000e+00
0.000000000000000000e+00
0.000000000000000000e+00
0.000000000000000000e+00
0.000000000000000000e+00
0.000000000000000000e+00
0.000000000000000000e+00
0.000000000000000000e+00
0.000000000000000000e+00
0.000000000000000000e+00
0.000000000000000000e+00
0.000000000000000000e+00
0.000000000000000000e+00
0.000000000000000000e+00
0.000000000000000000e+00
0.000000000000000000e+00
0.000000000000000000e+00
0.000000000000000000e+00
0.000000000000000000e+00
0.000000000000000000e+00
0.000000000000000000e+00
0.000000000000000000e+00
0.000000000000000000e+00
0.000000000000000000e+00
0.000000000000000000e+00
0.000000000000000000e+00
0.000000000000000000e+00
0.000000000000000000e+00
0.000000000000000000e+00
0.000000000000000000e+00
0.000000000000000000e+00
0.000000000000000000e+00
0.000000000000000000e+00
0.000000000000000000e+00
0.000000000000000000e+00
0.000000000000000000e+00
0.000000000000000000e+00
0.000000000000000000e+00
0.000000000000000000e+00
0.000000000000000000e+00
0.000000000000000000e+00
0.000000000000000000e+00
0.000000000000000000e+00
0.000000000000000000e+00
0.000000000000000000e+00
0.000000000000000000e+00
0.000000000000000000e+00
0.000000000000000000e+00
0.000000000000000000e+00
0.000000000000000000e+00
0.000000000000000000e+00
0.000000000000000000e+00
0.000000000000000000e+00
0.000000000000000000e+00
0.000000000000000000e+00
0.000000000000000000e+00
0.000000000000000000e+00
0.000000000000000000e+00
0.000000000000000000e+00
0.000000000000000000e+00
0.000000000000000000e+00
0.000000000000000000e+00
0.000000000000000000e+00
0.000000000000000000e+00
0.000000000000000000e+00
0.000000000000000000e+00
0.000000000000000000e+00
0.000000000000000000e+00
0.000000000000000000e+00
0.000000000000000000e+00
0.000000000000000000e+00
0.000000000000000000e+00
0.000000000000000000e+00
0.000000000000000000e+00
0.000000000000000000e+00
0.000000000000000000e+00
0.000000000000000000e+00
0.000000000000000000e+00
0.000000000000000000e+00
0.000000000000000000e+00
0.000000000000000000e+00
0.000000000000000000e+00
0.000000000000000000e+00
0.000000000000000000e+00
0.000000000000000000e+00
0.000000000000000000e+00
0.000000000000000000e+00
0.000000000000000000e+00
0.000000000000000000e+00
0.000000000000000000e+00
0.000000000000000000e+00
0.000000000000000000e+00
0.000000000000000000e+00
0.000000000000000000e+00
0.000000000000000000e+00
0.000000000000000000e+00
0.000000000000000000e+00
0.000000000000000000e+00
0.000000000000000000e+00
0.000000000000000000e+00
0.000000000000000000e+00
0.000000000000000000e+00
0.000000000000000000e+00
0.000000000000000000e+00
0.000000000000000000e+00
0.000000000000000000e+00
0.000000000000000000e+00
0.000000000000000000e+00
0.000000000000000000e+00
0.000000000000000000e+00
0.000000000000000000e+00
0.000000000000000000e+00
0.000000000000000000e+00
0.000000000000000000e+00
0.000000000000000000e+00
0.000000000000000000e+00
0.000000000000000000e+00
0.000000000000000000e+00
0.000000000000000000e+00
0.000000000000000000e+00
0.000000000000000000e+00
0.000000000000000000e+00
0.000000000000000000e+00
0.000000000000000000e+00
0.000000000000000000e+00
0.000000000000000000e+00
0.000000000000000000e+00
0.000000000000000000e+00
0.000000000000000000e+00
0.000000000000000000e+00
0.000000000000000000e+00
0.000000000000000000e+00
0.000000000000000000e+00
0.000000000000000000e+00
0.000000000000000000e+00
0.000000000000000000e+00
0.000000000000000000e+00
0.000000000000000000e+00
0.000000000000000000e+00
0.000000000000000000e+00
0.000000000000000000e+00
0.000000000000000000e+00
0.000000000000000000e+00
0.000000000000000000e+00
0.000000000000000000e+00
0.000000000000000000e+00
0.000000000000000000e+00
0.000000000000000000e+00
0.000000000000000000e+00
0.000000000000000000e+00
0.000000000000000000e+00
0.000000000000000000e+00
0.000000000000000000e+00
0.000000000000000000e+00
0.000000000000000000e+00
0.000000000000000000e+00
0.000000000000000000e+00
0.000000000000000000e+00
0.000000000000000000e+00
0.000000000000000000e+00
0.000000000000000000e+00
0.000000000000000000e+00
0.000000000000000000e+00
0.000000000000000000e+00
0.000000000000000000e+00
0.000000000000000000e+00
0.000000000000000000e+00
0.000000000000000000e+00
0.000000000000000000e+00
0.000000000000000000e+00
0.000000000000000000e+00
0.000000000000000000e+00
0.000000000000000000e+00
0.000000000000000000e+00
0.000000000000000000e+00
0.000000000000000000e+00
0.000000000000000000e+00
0.000000000000000000e+00
0.000000000000000000e+00
0.000000000000000000e+00
0.000000000000000000e+00
0.000000000000000000e+00
0.000000000000000000e+00
0.000000000000000000e+00
0.000000000000000000e+00
0.000000000000000000e+00
0.000000000000000000e+00
0.000000000000000000e+00
0.000000000000000000e+00
0.000000000000000000e+00
0.000000000000000000e+00
0.000000000000000000e+00
0.000000000000000000e+00
0.000000000000000000e+00
0.000000000000000000e+00
0.000000000000000000e+00
0.000000000000000000e+00
0.000000000000000000e+00
0.000000000000000000e+00
0.000000000000000000e+00
0.000000000000000000e+00
0.000000000000000000e+00
0.000000000000000000e+00
0.000000000000000000e+00
0.000000000000000000e+00
0.000000000000000000e+00
0.000000000000000000e+00
0.000000000000000000e+00
0.000000000000000000e+00
0.000000000000000000e+00
0.000000000000000000e+00
0.000000000000000000e+00
0.000000000000000000e+00
0.000000000000000000e+00
0.000000000000000000e+00
0.000000000000000000e+00
0.000000000000000000e+00
0.000000000000000000e+00
0.000000000000000000e+00
0.000000000000000000e+00
0.000000000000000000e+00
0.000000000000000000e+00
0.000000000000000000e+00
0.000000000000000000e+00
0.000000000000000000e+00
0.000000000000000000e+00
0.000000000000000000e+00
0.000000000000000000e+00
0.000000000000000000e+00
0.000000000000000000e+00
0.000000000000000000e+00
0.000000000000000000e+00
0.000000000000000000e+00
0.000000000000000000e+00
0.000000000000000000e+00
0.000000000000000000e+00
0.000000000000000000e+00
0.000000000000000000e+00
0.000000000000000000e+00
0.000000000000000000e+00
0.000000000000000000e+00
0.000000000000000000e+00
0.000000000000000000e+00
0.000000000000000000e+00
0.000000000000000000e+00
0.000000000000000000e+00
0.000000000000000000e+00
0.000000000000000000e+00
0.000000000000000000e+00
0.000000000000000000e+00
0.000000000000000000e+00
0.000000000000000000e+00
0.000000000000000000e+00
0.000000000000000000e+00
0.000000000000000000e+00
0.000000000000000000e+00
0.000000000000000000e+00
0.000000000000000000e+00
0.000000000000000000e+00
0.000000000000000000e+00
0.000000000000000000e+00
0.000000000000000000e+00
0.000000000000000000e+00
0.000000000000000000e+00
0.000000000000000000e+00
0.000000000000000000e+00
0.000000000000000000e+00
0.000000000000000000e+00
0.000000000000000000e+00
0.000000000000000000e+00
0.000000000000000000e+00
0.000000000000000000e+00
0.000000000000000000e+00
0.000000000000000000e+00
0.000000000000000000e+00
0.000000000000000000e+00
0.000000000000000000e+00
0.000000000000000000e+00
0.000000000000000000e+00
